1 0 0 0
1 1 0 0
2 0 0 0
2 1 1 1
2 10 1 1
2 11 0 0
3 0 0 0
3 1 7 111
3 10 6 110
3 11 3 11
3 100 3 11
3 101 3 11
3 110 0 0
3 111 0 0
4 0 0 0
4 1 1 1
4 10 14 1110
4 11 13 1101
4 100 12 1100
4 101 13 1101
4 110 6 110
4 111 7 111
4 1000 7 111
4 1001 6 110
4 1010 6 110
4 1011 7 111
4 1100 0 0
4 1101 1 1
4 1110 1 1
4 1111 0 0
5 0 0 0
5 1 25 11001
5 10 24 11000
5 11 3 11
5 100 28 11100
5 101 29 11101
5 110 26 11010
5 111 25 11001
5 1000 24 11000
5 1001 23 10111
5 1010 27 11011
5 1011 27 11011
5 1100 12 1100
5 1101 19 10011
5 1110 18 10010
5 1111 15 1111
5 10000 15 1111
5 10001 15 1111
5 10010 12 1100
5 10011 12 1100
5 10100 12 1100
5 10101 11 1011
5 10110 15 1111
5 10111 15 1111
5 11000 0 0
5 11001 7 111
5 11010 6 110
5 11011 3 11
5 11100 3 11
5 11101 3 11
5 11110 0 0
5 11111 0 0
6 0 0 0
6 1 1 1
6 10 50 110010
6 11 43 101011
6 100 42 101010
6 101 49 110001
6 110 6 110
6 111 7 111
6 1000 56 111000
6 1001 52 110100
6 1010 53 110101
6 1011 59 111011
6 1100 52 110100
6 1101 51 110011
6 1110 50 110010
6 1111 49 110001
6 10000 48 110000
6 10001 49 110001
6 10010 46 101110
6 10011 45 101101
6 10100 55 110111
6 10101 51 110011
6 10110 51 110011
6 10111 55 110111
6 11000 24 11000
6 11001 25 11001
6 11010 39 100111
6 11011 37 100101
6 11100 36 100100
6 11101 37 100101
6 11110 30 11110
6 11111 31 11111
6 100000 31 11111
6 100001 30 11110
6 100010 30 11110
6 100011 31 11111
6 100100 24 11000
6 100101 25 11001
6 100110 25 11001
6 100111 24 11000
6 101000 24 11000
6 101001 25 11001
6 101010 22 10110
6 101011 21 10101
6 101100 31 11111
6 101101 27 11011
6 101110 27 11011
6 101111 31 11111
6 110000 0 0
6 110001 1 1
6 110010 14 1110
6 110011 13 1101
6 110100 12 1100
6 110101 13 1101
6 110110 6 110
6 110111 7 111
6 111000 7 111
6 111001 6 110
6 111010 6 110
6 111011 7 111
6 111100 0 0
6 111101 1 1
6 111110 1 1
6 111111 0 0
7 0 0 0
7 1 97 1100001
7 10 96 1100000
7 11 3 11
7 100 100 1100100
7 101 101 1100101
7 110 86 1010110
7 111 79 1001111
7 1000 78 1001110
7 1001 83 1010011
7 1010 99 1100011
7 1011 99 1100011
7 1100 12 1100
7 1101 91 1011011
7 1110 90 1011010
7 1111 15 1111
7 10000 112 1110000
7 10001 113 1110001
7 10010 104 1101000
7 10011 100 1100100
7 10100 101 1100101
7 10101 106 1101010
7 10110 118 1110110
7 10111 119 1110111
7 11000 104 1101000
7 11001 97 1100001
7 11010 96 1100000
7 11011 101 1100101
7 11100 100 1100100
7 11101 101 1100101
7 11110 98 1100010
7 11111 97 1100001
7 100000 96 1100000
7 100001 95 1011111
7 100010 99 1100011
7 100011 99 1100011
7 100100 92 1011100
7 100101 91 1011011
7 100110 90 1011010
7 100111 89 1011001
7 101000 111 1101111
7 101001 111 1101111
7 101010 101 1100101
7 101011 99 1100011
7 101100 99 1100011
7 101101 101 1100101
7 101110 111 1101111
7 101111 111 1101111
7 110000 48 110000
7 110001 73 1001001
7 110010 72 1001000
7 110011 51 110011
7 110100 79 1001111
7 110101 78 1001110
7 110110 74 1001010
7 110111 73 1001001
7 111000 72 1001000
7 111001 71 1000111
7 111010 75 1001011
7 111011 75 1001011
7 111100 60 111100
7 111101 67 1000011
7 111110 66 1000010
7 111111 63 111111
7 1000000 63 111111
7 1000001 63 111111
7 1000010 60 111100
7 1000011 60 111100
7 1000100 60 111100
7 1000101 59 111011
7 1000110 63 111111
7 1000111 63 111111
7 1001000 48 110000
7 1001001 45 101101
7 1001010 46 101110
7 1001011 51 110011
7 1001100 51 110011
7 1001101 51 110011
7 1001110 48 110000
7 1001111 48 110000
7 1010000 48 110000
7 1010001 47 101111
7 1010010 51 110011
7 1010011 51 110011
7 1010100 44 101100
7 1010101 43 101011
7 1010110 42 101010
7 1010111 41 101001
7 1011000 63 111111
7 1011001 63 111111
7 1011010 53 110101
7 1011011 51 110011
7 1011100 51 110011
7 1011101 53 110101
7 1011110 63 111111
7 1011111 63 111111
7 1100000 0 0
7 1100001 25 11001
7 1100010 24 11000
7 1100011 3 11
7 1100100 28 11100
7 1100101 29 11101
7 1100110 26 11010
7 1100111 25 11001
7 1101000 24 11000
7 1101001 23 10111
7 1101010 27 11011
7 1101011 27 11011
7 1101100 12 1100
7 1101101 19 10011
7 1101110 18 10010
7 1101111 15 1111
7 1110000 15 1111
7 1110001 15 1111
7 1110010 12 1100
7 1110011 12 1100
7 1110100 12 1100
7 1110101 11 1011
7 1110110 15 1111
7 1110111 15 1111
7 1111000 0 0
7 1111001 7 111
7 1111010 6 110
7 1111011 3 11
7 1111100 3 11
7 1111101 3 11
7 1111110 0 0
7 1111111 0 0
8 0 0 0
8 1 1 1
8 10 194 11000010
8 11 163 10100011
8 100 162 10100010
8 101 193 11000001
8 110 6 110
8 111 7 111
8 1000 200 11001000
8 1001 172 10101100
8 1010 173 10101101
8 1011 203 11001011
8 1100 172 10101100
8 1101 171 10101011
8 1110 158 10011110
8 1111 151 10010111
8 10000 150 10010110
8 10001 157 10011101
8 10010 166 10100110
8 10011 165 10100101
8 10100 199 11000111
8 10101 171 10101011
8 10110 171 10101011
8 10111 199 11000111
8 11000 24 11000
8 11001 25 11001
8 11010 183 10110111
8 11011 157 10011101
8 11100 156 10011100
8 11101 181 10110101
8 11110 30 11110
8 11111 31 11111
8 100000 224 11100000
8 100001 208 11010000
8 100010 209 11010001
8 100011 227 11100011
8 100100 208 11010000
8 100101 208 11010000
8 100110 200 11001000
8 100111 196 11000100
8 101000 197 11000101
8 101001 203 11001011
8 101010 211 11010011
8 101011 212 11010100
8 101100 236 11101100
8 101101 214 11010110
8 101110 215 11010111
8 101111 239 11101111
8 110000 208 11010000
8 110001 207 11001111
8 110010 194 11000010
8 110011 187 10111011
8 110100 186 10111010
8 110101 193 11000001
8 110110 202 11001010
8 110111 201 11001001
8 111000 200 11001000
8 111001 196 11000100
8 111010 197 11000101
8 111011 203 11001011
8 111100 196 11000100
8 111101 195 11000011
8 111110 194 11000010
8 111111 193 11000001
8 1000000 192 11000000
8 1000001 193 11000001
8 1000010 190 10111110
8 1000011 189 10111101
8 1000100 199 11000111
8 1000101 195 11000011
8 1000110 195 11000011
8 1000111 199 11000111
8 1001000 184 10111000
8 1001001 183 10110111
8 1001010 183 10110111
8 1001011 181 10110101
8 1001100 180 10110100
8 1001101 181 10110101
8 1001110 178 10110010
8 1001111 177 10110001
8 1010000 223 11011111
8 1010001 207 11001111
8 1010010 207 11001111
8 1010011 223 11011111
8 1010100 201 11001001
8 1010101 202 11001010
8 1010110 199 11000111
8 1010111 195 11000011
8 1011000 195 11000011
8 1011001 199 11000111
8 1011010 202 11001010
8 1011011 201 11001001
8 1011100 223 11011111
8 1011101 207 11001111
8 1011110 207 11001111
8 1011111 223 11011111
8 1100000 96 1100000
8 1100001 97 1100001
8 1100010 147 10010011
8 1100011 139 10001011
8 1100100 138 10001010
8 1100101 145 10010001
8 1100110 102 1100110
8 1100111 103 1100111
8 1101000 159 10011111
8 1101001 151 10010111
8 1101010 150 10010110
8 1101011 156 10011100
8 1101100 148 10010100
8 1101101 147 10010011
8 1101110 147 10010011
8 1101111 145 10010001
8 1110000 144 10010000
8 1110001 145 10010001
8 1110010 142 10001110
8 1110011 141 10001101
8 1110100 151 10010111
8 1110101 147 10010011
8 1110110 147 10010011
8 1110111 151 10010111
8 1111000 120 1111000
8 1111001 121 1111001
8 1111010 135 10000111
8 1111011 133 10000101
8 1111100 132 10000100
8 1111101 133 10000101
8 1111110 126 1111110
8 1111111 127 1111111
8 10000000 127 1111111
8 10000001 126 1111110
8 10000010 126 1111110
8 10000011 127 1111111
8 10000100 120 1111000
8 10000101 121 1111001
8 10000110 121 1111001
8 10000111 120 1111000
8 10001000 120 1111000
8 10001001 121 1111001
8 10001010 118 1110110
8 10001011 117 1110101
8 10001100 127 1111111
8 10001101 123 1111011
8 10001110 123 1111011
8 10001111 127 1111111
8 10010000 96 1100000
8 10010001 97 1100001
8 10010010 91 1011011
8 10010011 87 1010111
8 10010100 88 1011000
8 10010101 93 1011101
8 10010110 102 1100110
8 10010111 103 1100111
8 10011000 103 1100111
8 10011001 102 1100110
8 10011010 102 1100110
8 10011011 103 1100111
8 10011100 96 1100000
8 10011101 97 1100001
8 10011110 97 1100001
8 10011111 96 1100000
8 10100000 96 1100000
8 10100001 97 1100001
8 10100010 94 1011110
8 10100011 93 1011101
8 10100100 103 1100111
8 10100101 99 1100011
8 10100110 99 1100011
8 10100111 103 1100111
8 10101000 88 1011000
8 10101001 87 1010111
8 10101010 87 1010111
8 10101011 85 1010101
8 10101100 84 1010100
8 10101101 85 1010101
8 10101110 82 1010010
8 10101111 81 1010001
8 10110000 127 1111111
8 10110001 111 1101111
8 10110010 111 1101111
8 10110011 127 1111111
8 10110100 105 1101001
8 10110101 106 1101010
8 10110110 103 1100111
8 10110111 99 1100011
8 10111000 99 1100011
8 10111001 103 1100111
8 10111010 106 1101010
8 10111011 105 1101001
8 10111100 127 1111111
8 10111101 111 1101111
8 10111110 111 1101111
8 10111111 127 1111111
8 11000000 0 0
8 11000001 1 1
8 11000010 50 110010
8 11000011 43 101011
8 11000100 42 101010
8 11000101 49 110001
8 11000110 6 110
8 11000111 7 111
8 11001000 56 111000
8 11001001 52 110100
8 11001010 53 110101
8 11001011 59 111011
8 11001100 52 110100
8 11001101 51 110011
8 11001110 50 110010
8 11001111 49 110001
8 11010000 48 110000
8 11010001 49 110001
8 11010010 46 101110
8 11010011 45 101101
8 11010100 55 110111
8 11010101 51 110011
8 11010110 51 110011
8 11010111 55 110111
8 11011000 24 11000
8 11011001 25 11001
8 11011010 39 100111
8 11011011 37 100101
8 11011100 36 100100
8 11011101 37 100101
8 11011110 30 11110
8 11011111 31 11111
8 11100000 31 11111
8 11100001 30 11110
8 11100010 30 11110
8 11100011 31 11111
8 11100100 24 11000
8 11100101 25 11001
8 11100110 25 11001
8 11100111 24 11000
8 11101000 24 11000
8 11101001 25 11001
8 11101010 22 10110
8 11101011 21 10101
8 11101100 31 11111
8 11101101 27 11011
8 11101110 27 11011
8 11101111 31 11111
8 11110000 0 0
8 11110001 1 1
8 11110010 14 1110
8 11110011 13 1101
8 11110100 12 1100
8 11110101 13 1101
8 11110110 6 110
8 11110111 7 111
8 11111000 7 111
8 11111001 6 110
8 11111010 6 110
8 11111011 7 111
8 11111100 0 0
8 11111101 1 1
8 11111110 1 1
8 11111111 0 0
