1 0 0 0 ((), (), (1,))
1 1 0 0 ((), (), (1,))
2 00 0 0 ((), (), (2, 1))
2 01 1 1 ((), (1,), (2,))
2 10 1 1 ((), (1,), (2,))
2 11 0 0 ((), (), (2, 1))
3 000 0 0 ((), (), (3, 2, 1))
3 001 7 111 ((), (), (1, 3, 2))
3 010 6 110 ((), (2,), (1, 3))
3 011 3 11 ((), (2, 1), (3,))
3 100 3 11 ((), (2, 1), (3,))
3 101 3 11 ((), (2,), (3, 1))
3 110 0 0 ((), (), (3, 2, 1))
3 111 0 0 ((), (), (3, 2, 1))
4 0000 0 0 ((), (), (4, 3, 2, 1))
4 0001 1 1 ((), (1,), (4, 3, 2))
4 0010 14 1110 ((), (1,), (2, 4, 3))
4 0011 13 1101 ((), (), (2, 1, 4, 3))
4 0100 12 1100 ((), (3,), (2, 1, 4))
4 0101 13 1101 ((), (3,), (2, 4, 1))
4 0110 6 110 ((), (3, 2), (4, 1))
4 0111 7 111 ((), (3, 2, 1), (4,))
4 1000 7 111 ((), (3, 2, 1), (4,))
4 1001 6 110 ((), (3, 2), (4, 1))
4 1010 6 110 ((), (3,), (4, 1, 2))
4 1011 7 111 ((), (3,), (4, 2, 1))
4 1100 0 0 ((), (), (4, 3, 2, 1))
4 1101 1 1 ((), (1,), (4, 3, 2))
4 1110 1 1 ((), (1,), (4, 3, 2))
4 1111 0 0 ((), (), (4, 3, 2, 1))
5 00000 0 0 ((), (), (5, 4, 3, 2, 1))
5 00001 25 11001 ((), (), (1, 5, 4, 3, 2))
5 00010 24 11000 ((), (2,), (1, 5, 4, 3))
5 00011 3 11 ((), (2, 1), (5, 4, 3))
5 00100 28 11100 ((), (2, 1), (3, 5, 4))
5 00101 29 11101 ((), (2,), (3, 5, 4, 1))
5 00110 26 11010 ((), (), (3, 2, 5, 4, 1))
5 00111 25 11001 ((), (), (3, 2, 1, 5, 4))
5 01000 24 11000 ((), (4,), (3, 2, 1, 5))
5 01001 23 10111 ((), (4, 1), (3, 2, 5))
5 01010 27 11011 ((), (4, 1), (3, 5, 2))
5 01011 27 11011 ((), (4,), (3, 5, 2, 1))
5 01100 12 1100 ((), (4, 3), (5, 2, 1))
5 01101 19 10011 ((), (4, 3), (1, 5, 2))
5 01110 18 10010 ((), (4, 3, 2), (1, 5))
5 01111 15 1111 ((), (4, 3, 2, 1), (5,))
5 10000 15 1111 ((), (4, 3, 2, 1), (5,))
5 10001 15 1111 ((), (4, 3, 2), (5, 1))
5 10010 12 1100 ((), (4, 3), (5, 2, 1))
5 10011 12 1100 ((), (4, 3), (5, 2, 1))
5 10100 12 1100 ((), (4,), (5, 2, 1, 3))
5 10101 11 1011 ((), (4, 1), (5, 2, 3))
5 10110 15 1111 ((), (4, 1), (5, 3, 2))
5 10111 15 1111 ((), (4,), (5, 3, 2, 1))
5 11000 0 0 ((), (), (5, 4, 3, 2, 1))
5 11001 7 111 ((), (), (5, 4, 1, 3, 2))
5 11010 6 110 ((), (2,), (5, 4, 1, 3))
5 11011 3 11 ((), (2, 1), (5, 4, 3))
5 11100 3 11 ((), (2, 1), (5, 4, 3))
5 11101 3 11 ((), (2,), (5, 4, 3, 1))
5 11110 0 0 ((), (), (5, 4, 3, 2, 1))
5 11111 0 0 ((), (), (5, 4, 3, 2, 1))
6 000000 0 0 ((), (), (6, 5, 4, 3, 2, 1))
6 000001 1 1 ((), (1,), (6, 5, 4, 3, 2))
6 000010 50 110010 ((), (1,), (2, 6, 5, 4, 3))
6 000011 43 101011 ((), (), (2, 1, 6, 5, 4, 3))
6 000100 42 101010 ((), (3,), (2, 1, 6, 5, 4))
6 000101 49 110001 ((), (3,), (2, 6, 5, 4, 1))
6 000110 6 110 ((), (3, 2), (6, 5, 4, 1))
6 000111 7 111 ((), (3, 2, 1), (6, 5, 4))
6 001000 56 111000 ((), (3, 2, 1), (4, 6, 5))
6 001001 52 110100 ((), (3, 2), (4, 1, 6, 5))
6 001010 53 110101 ((), (3,), (4, 1, 6, 5, 2))
6 001011 59 111011 ((), (3,), (4, 6, 5, 2, 1))
6 001100 52 110100 ((), (), (4, 3, 6, 5, 2, 1))
6 001101 51 110011 ((), (1,), (4, 3, 6, 5, 2))
6 001110 50 110010 ((), (1,), (4, 3, 2, 6, 5))
6 001111 49 110001 ((), (), (4, 3, 2, 1, 6, 5))
6 010000 48 110000 ((), (5,), (4, 3, 2, 1, 6))
6 010001 49 110001 ((), (5,), (4, 3, 2, 6, 1))
6 010010 46 101110 ((), (5, 2), (4, 3, 6, 1))
6 010011 45 101101 ((), (5, 2, 1), (4, 3, 6))
6 010100 55 110111 ((), (5, 2, 1), (4, 6, 3))
6 010101 51 110011 ((), (5, 2), (4, 1, 6, 3))
6 010110 51 110011 ((), (5,), (4, 1, 6, 3, 2))
6 010111 55 110111 ((), (5,), (4, 6, 3, 2, 1))
6 011000 24 11000 ((), (5, 4), (6, 3, 2, 1))
6 011001 25 11001 ((), (5, 4, 1), (6, 3, 2))
6 011010 39 100111 ((), (5, 4, 1), (2, 6, 3))
6 011011 37 100101 ((), (5, 4), (2, 1, 6, 3))
6 011100 36 100100 ((), (5, 4, 3), (2, 1, 6))
6 011101 37 100101 ((), (5, 4, 3), (2, 6, 1))
6 011110 30 11110 ((), (5, 4, 3, 2), (6, 1))
6 011111 31 11111 ((), (5, 4, 3, 2, 1), (6,))
6 100000 31 11111 ((), (5, 4, 3, 2, 1), (6,))
6 100001 30 11110 ((), (5, 4, 3, 2), (6, 1))
6 100010 30 11110 ((), (5, 4, 3), (6, 1, 2))
6 100011 31 11111 ((), (5, 4, 3), (6, 2, 1))
6 100100 24 11000 ((), (5, 4), (6, 3, 2, 1))
6 100101 25 11001 ((), (5, 4, 1), (6, 3, 2))
6 100110 25 11001 ((), (5, 4, 1), (6, 3, 2))
6 100111 24 11000 ((), (5, 4), (6, 3, 2, 1))
6 101000 24 11000 ((), (5,), (6, 3, 2, 1, 4))
6 101001 25 11001 ((), (5,), (6, 3, 2, 4, 1))
6 101010 22 10110 ((), (5, 2), (6, 3, 4, 1))
6 101011 21 10101 ((), (5, 2, 1), (6, 3, 4))
6 101100 31 11111 ((), (5, 2, 1), (6, 4, 3))
6 101101 27 11011 ((), (5, 2), (6, 1, 4, 3))
6 101110 27 11011 ((), (5,), (6, 1, 4, 3, 2))
6 101111 31 11111 ((), (5,), (6, 4, 3, 2, 1))
6 110000 0 0 ((), (), (6, 5, 4, 3, 2, 1))
6 110001 1 1 ((), (1,), (6, 5, 4, 3, 2))
6 110010 14 1110 ((), (1,), (6, 5, 2, 4, 3))
6 110011 13 1101 ((), (), (6, 5, 2, 1, 4, 3))
6 110100 12 1100 ((), (3,), (6, 5, 2, 1, 4))
6 110101 13 1101 ((), (3,), (6, 5, 2, 4, 1))
6 110110 6 110 ((), (3, 2), (6, 5, 4, 1))
6 110111 7 111 ((), (3, 2, 1), (6, 5, 4))
6 111000 7 111 ((), (3, 2, 1), (6, 5, 4))
6 111001 6 110 ((), (3, 2), (6, 5, 4, 1))
6 111010 6 110 ((), (3,), (6, 5, 4, 1, 2))
6 111011 7 111 ((), (3,), (6, 5, 4, 2, 1))
6 111100 0 0 ((), (), (6, 5, 4, 3, 2, 1))
6 111101 1 1 ((), (1,), (6, 5, 4, 3, 2))
6 111110 1 1 ((), (1,), (6, 5, 4, 3, 2))
6 111111 0 0 ((), (), (6, 5, 4, 3, 2, 1))
7 0000000 0 0 ((), (), (7, 6, 5, 4, 3, 2, 1))
7 0000001 97 1100001 ((), (), (1, 7, 6, 5, 4, 3, 2))
7 0000010 96 1100000 ((), (2,), (1, 7, 6, 5, 4, 3))
7 0000011 3 11 ((), (2, 1), (7, 6, 5, 4, 3))
7 0000100 100 1100100 ((), (2, 1), (3, 7, 6, 5, 4))
7 0000101 101 1100101 ((), (2,), (3, 7, 6, 5, 4, 1))
7 0000110 86 1010110 ((), (), (3, 2, 7, 6, 5, 4, 1))
7 0000111 79 1001111 ((), (), (3, 2, 1, 7, 6, 5, 4))
7 0001000 78 1001110 ((), (4,), (3, 2, 1, 7, 6, 5))
7 0001001 83 1010011 ((), (4, 1), (3, 2, 7, 6, 5))
7 0001010 99 1100011 ((), (4, 1), (3, 7, 6, 5, 2))
7 0001011 99 1100011 ((), (4,), (3, 7, 6, 5, 2, 1))
7 0001100 12 1100 ((), (4, 3), (7, 6, 5, 2, 1))
7 0001101 91 1011011 ((), (4, 3), (1, 7, 6, 5, 2))
7 0001110 90 1011010 ((), (4, 3, 2), (1, 7, 6, 5))
7 0001111 15 1111 ((), (4, 3, 2, 1), (7, 6, 5))
7 0010000 112 1110000 ((), (4, 3, 2, 1), (5, 7, 6))
7 0010001 113 1110001 ((), (4, 3, 2), (5, 7, 6, 1))
7 0010010 104 1101000 ((), (4, 3), (5, 2, 7, 6, 1))
7 0010011 100 1100100 ((), (4, 3), (5, 2, 1, 7, 6))
7 0010100 101 1100101 ((), (4,), (5, 2, 1, 7, 6, 3))
7 0010101 106 1101010 ((), (4, 1), (5, 2, 7, 6, 3))
7 0010110 118 1110110 ((), (4, 1), (5, 7, 6, 3, 2))
7 0010111 119 1110111 ((), (4,), (5, 7, 6, 3, 2, 1))
7 0011000 104 1101000 ((), (), (5, 4, 7, 6, 3, 2, 1))
7 0011001 97 1100001 ((), (), (5, 4, 1, 7, 6, 3, 2))
7 0011010 96 1100000 ((), (2,), (5, 4, 1, 7, 6, 3))
7 0011011 101 1100101 ((), (2, 1), (5, 4, 7, 6, 3))
7 0011100 100 1100100 ((), (2, 1), (5, 4, 3, 7, 6))
7 0011101 101 1100101 ((), (2,), (5, 4, 3, 7, 6, 1))
7 0011110 98 1100010 ((), (), (5, 4, 3, 2, 7, 6, 1))
7 0011111 97 1100001 ((), (), (5, 4, 3, 2, 1, 7, 6))
7 0100000 96 1100000 ((), (6,), (5, 4, 3, 2, 1, 7))
7 0100001 95 1011111 ((), (6, 1), (5, 4, 3, 2, 7))
7 0100010 99 1100011 ((), (6, 1), (5, 4, 3, 7, 2))
7 0100011 99 1100011 ((), (6,), (5, 4, 3, 7, 2, 1))
7 0100100 92 1011100 ((), (6, 3), (5, 4, 7, 2, 1))
7 0100101 91 1011011 ((), (6, 3), (5, 4, 1, 7, 2))
7 0100110 90 1011010 ((), (6, 3, 2), (5, 4, 1, 7))
7 0100111 89 1011001 ((), (6, 3, 2, 1), (5, 4, 7))
7 0101000 111 1101111 ((), (6, 3, 2, 1), (5, 7, 4))
7 0101001 111 1101111 ((), (6, 3, 2), (5, 7, 4, 1))
7 0101010 101 1100101 ((), (6, 3), (5, 2, 7, 4, 1))
7 0101011 99 1100011 ((), (6, 3), (5, 2, 1, 7, 4))
7 0101100 99 1100011 ((), (6,), (5, 2, 1, 7, 4, 3))
7 0101101 101 1100101 ((), (6, 1), (5, 2, 7, 4, 3))
7 0101110 111 1101111 ((), (6, 1), (5, 7, 4, 3, 2))
7 0101111 111 1101111 ((), (6,), (5, 7, 4, 3, 2, 1))
7 0110000 48 110000 ((), (6, 5), (7, 4, 3, 2, 1))
7 0110001 73 1001001 ((), (6, 5), (1, 7, 4, 3, 2))
7 0110010 72 1001000 ((), (6, 5, 2), (1, 7, 4, 3))
7 0110011 51 110011 ((), (6, 5, 2, 1), (7, 4, 3))
7 0110100 79 1001111 ((), (6, 5, 2, 1), (3, 7, 4))
7 0110101 78 1001110 ((), (6, 5, 2), (3, 7, 4, 1))
7 0110110 74 1001010 ((), (6, 5), (3, 2, 7, 4, 1))
7 0110111 73 1001001 ((), (6, 5), (3, 2, 1, 7, 4))
7 0111000 72 1001000 ((), (6, 5, 4), (3, 2, 1, 7))
7 0111001 71 1000111 ((), (6, 5, 4, 1), (3, 2, 7))
7 0111010 75 1001011 ((), (6, 5, 4, 1), (3, 7, 2))
7 0111011 75 1001011 ((), (6, 5, 4), (3, 7, 2, 1))
7 0111100 60 111100 ((), (6, 5, 4, 3), (7, 2, 1))
7 0111101 67 1000011 ((), (6, 5, 4, 3), (1, 7, 2))
7 0111110 66 1000010 ((), (6, 5, 4, 3, 2), (1, 7))
7 0111111 63 111111 ((), (6, 5, 4, 3, 2, 1), (7,))
7 1000000 63 111111 ((), (6, 5, 4, 3, 2, 1), (7,))
7 1000001 63 111111 ((), (6, 5, 4, 3, 2), (7, 1))
7 1000010 60 111100 ((), (6, 5, 4, 3), (7, 2, 1))
7 1000011 60 111100 ((), (6, 5, 4, 3), (7, 2, 1))
7 1000100 60 111100 ((), (6, 5, 4), (7, 2, 1, 3))
7 1000101 59 111011 ((), (6, 5, 4, 1), (7, 2, 3))
7 1000110 63 111111 ((), (6, 5, 4, 1), (7, 3, 2))
7 1000111 63 111111 ((), (6, 5, 4), (7, 3, 2, 1))
7 1001000 48 110000 ((), (6, 5), (7, 4, 3, 2, 1))
7 1001001 45 101101 ((), (6, 5), (7, 4, 1, 3, 2))
7 1001010 46 101110 ((), (6, 5, 2), (7, 4, 1, 3))
7 1001011 51 110011 ((), (6, 5, 2, 1), (7, 4, 3))
7 1001100 51 110011 ((), (6, 5, 2, 1), (7, 4, 3))
7 1001101 51 110011 ((), (6, 5, 2), (7, 4, 3, 1))
7 1001110 48 110000 ((), (6, 5), (7, 4, 3, 2, 1))
7 1001111 48 110000 ((), (6, 5), (7, 4, 3, 2, 1))
7 1010000 48 110000 ((), (6,), (7, 4, 3, 2, 1, 5))
7 1010001 47 101111 ((), (6, 1), (7, 4, 3, 2, 5))
7 1010010 51 110011 ((), (6, 1), (7, 4, 3, 5, 2))
7 1010011 51 110011 ((), (6,), (7, 4, 3, 5, 2, 1))
7 1010100 44 101100 ((), (6, 3), (7, 4, 5, 2, 1))
7 1010101 43 101011 ((), (6, 3), (7, 4, 1, 5, 2))
7 1010110 42 101010 ((), (6, 3, 2), (7, 4, 1, 5))
7 1010111 41 101001 ((), (6, 3, 2, 1), (7, 4, 5))
7 1011000 63 111111 ((), (6, 3, 2, 1), (7, 5, 4))
7 1011001 63 111111 ((), (6, 3, 2), (7, 5, 4, 1))
7 1011010 53 110101 ((), (6, 3), (7, 2, 5, 4, 1))
7 1011011 51 110011 ((), (6, 3), (7, 2, 1, 5, 4))
7 1011100 51 110011 ((), (6,), (7, 2, 1, 5, 4, 3))
7 1011101 53 110101 ((), (6, 1), (7, 2, 5, 4, 3))
7 1011110 63 111111 ((), (6, 1), (7, 5, 4, 3, 2))
7 1011111 63 111111 ((), (6,), (7, 5, 4, 3, 2, 1))
7 1100000 0 0 ((), (), (7, 6, 5, 4, 3, 2, 1))
7 1100001 25 11001 ((), (), (7, 6, 1, 5, 4, 3, 2))
7 1100010 24 11000 ((), (2,), (7, 6, 1, 5, 4, 3))
7 1100011 3 11 ((), (2, 1), (7, 6, 5, 4, 3))
7 1100100 28 11100 ((), (2, 1), (7, 6, 3, 5, 4))
7 1100101 29 11101 ((), (2,), (7, 6, 3, 5, 4, 1))
7 1100110 26 11010 ((), (), (7, 6, 3, 2, 5, 4, 1))
7 1100111 25 11001 ((), (), (7, 6, 3, 2, 1, 5, 4))
7 1101000 24 11000 ((), (4,), (7, 6, 3, 2, 1, 5))
7 1101001 23 10111 ((), (4, 1), (7, 6, 3, 2, 5))
7 1101010 27 11011 ((), (4, 1), (7, 6, 3, 5, 2))
7 1101011 27 11011 ((), (4,), (7, 6, 3, 5, 2, 1))
7 1101100 12 1100 ((), (4, 3), (7, 6, 5, 2, 1))
7 1101101 19 10011 ((), (4, 3), (7, 6, 1, 5, 2))
7 1101110 18 10010 ((), (4, 3, 2), (7, 6, 1, 5))
7 1101111 15 1111 ((), (4, 3, 2, 1), (7, 6, 5))
7 1110000 15 1111 ((), (4, 3, 2, 1), (7, 6, 5))
7 1110001 15 1111 ((), (4, 3, 2), (7, 6, 5, 1))
7 1110010 12 1100 ((), (4, 3), (7, 6, 5, 2, 1))
7 1110011 12 1100 ((), (4, 3), (7, 6, 5, 2, 1))
7 1110100 12 1100 ((), (4,), (7, 6, 5, 2, 1, 3))
7 1110101 11 1011 ((), (4, 1), (7, 6, 5, 2, 3))
7 1110110 15 1111 ((), (4, 1), (7, 6, 5, 3, 2))
7 1110111 15 1111 ((), (4,), (7, 6, 5, 3, 2, 1))
7 1111000 0 0 ((), (), (7, 6, 5, 4, 3, 2, 1))
7 1111001 7 111 ((), (), (7, 6, 5, 4, 1, 3, 2))
7 1111010 6 110 ((), (2,), (7, 6, 5, 4, 1, 3))
7 1111011 3 11 ((), (2, 1), (7, 6, 5, 4, 3))
7 1111100 3 11 ((), (2, 1), (7, 6, 5, 4, 3))
7 1111101 3 11 ((), (2,), (7, 6, 5, 4, 3, 1))
7 1111110 0 0 ((), (), (7, 6, 5, 4, 3, 2, 1))
7 1111111 0 0 ((), (), (7, 6, 5, 4, 3, 2, 1))
8 00000000 0 0 ((), (), (8, 7, 6, 5, 4, 3, 2, 1))
8 00000001 1 1 ((), (1,), (8, 7, 6, 5, 4, 3, 2))
8 00000010 194 11000010 ((), (1,), (2, 8, 7, 6, 5, 4, 3))
8 00000011 163 10100011 ((), (), (2, 1, 8, 7, 6, 5, 4, 3))
8 00000100 162 10100010 ((), (3,), (2, 1, 8, 7, 6, 5, 4))
8 00000101 193 11000001 ((), (3,), (2, 8, 7, 6, 5, 4, 1))
8 00000110 6 110 ((), (3, 2), (8, 7, 6, 5, 4, 1))
8 00000111 7 111 ((), (3, 2, 1), (8, 7, 6, 5, 4))
8 00001000 200 11001000 ((), (3, 2, 1), (4, 8, 7, 6, 5))
8 00001001 172 10101100 ((), (3, 2), (4, 1, 8, 7, 6, 5))
8 00001010 173 10101101 ((), (3,), (4, 1, 8, 7, 6, 5, 2))
8 00001011 203 11001011 ((), (3,), (4, 8, 7, 6, 5, 2, 1))
8 00001100 172 10101100 ((), (), (4, 3, 8, 7, 6, 5, 2, 1))
8 00001101 171 10101011 ((), (1,), (4, 3, 8, 7, 6, 5, 2))
8 00001110 158 10011110 ((), (1,), (4, 3, 2, 8, 7, 6, 5))
8 00001111 151 10010111 ((), (), (4, 3, 2, 1, 8, 7, 6, 5))
8 00010000 150 10010110 ((), (5,), (4, 3, 2, 1, 8, 7, 6))
8 00010001 157 10011101 ((), (5,), (4, 3, 2, 8, 7, 6, 1))
8 00010010 166 10100110 ((), (5, 2), (4, 3, 8, 7, 6, 1))
8 00010011 165 10100101 ((), (5, 2, 1), (4, 3, 8, 7, 6))
8 00010100 199 11000111 ((), (5, 2, 1), (4, 8, 7, 6, 3))
8 00010101 171 10101011 ((), (5, 2), (4, 1, 8, 7, 6, 3))
8 00010110 171 10101011 ((), (5,), (4, 1, 8, 7, 6, 3, 2))
8 00010111 199 11000111 ((), (5,), (4, 8, 7, 6, 3, 2, 1))
8 00011000 24 11000 ((), (5, 4), (8, 7, 6, 3, 2, 1))
8 00011001 25 11001 ((), (5, 4, 1), (8, 7, 6, 3, 2))
8 00011010 183 10110111 ((), (5, 4, 1), (2, 8, 7, 6, 3))
8 00011011 157 10011101 ((), (5, 4), (2, 1, 8, 7, 6, 3))
8 00011100 156 10011100 ((), (5, 4, 3), (2, 1, 8, 7, 6))
8 00011101 181 10110101 ((), (5, 4, 3), (2, 8, 7, 6, 1))
8 00011110 30 11110 ((), (5, 4, 3, 2), (8, 7, 6, 1))
8 00011111 31 11111 ((), (5, 4, 3, 2, 1), (8, 7, 6))
8 00100000 224 11100000 ((), (5, 4, 3, 2, 1), (6, 8, 7))
8 00100001 208 11010000 ((), (5, 4, 3, 2), (6, 1, 8, 7))
8 00100010 209 11010001 ((), (5, 4, 3), (6, 1, 8, 7, 2))
8 00100011 227 11100011 ((), (5, 4, 3), (6, 8, 7, 2, 1))
8 00100100 208 11010000 ((), (5, 4), (6, 3, 8, 7, 2, 1))
8 00100101 208 11010000 ((), (5, 4, 1), (6, 3, 8, 7, 2))
8 00100110 200 11001000 ((), (5, 4, 1), (6, 3, 2, 8, 7))
8 00100111 196 11000100 ((), (5, 4), (6, 3, 2, 1, 8, 7))
8 00101000 197 11000101 ((), (5,), (6, 3, 2, 1, 8, 7, 4))
8 00101001 203 11001011 ((), (5,), (6, 3, 2, 8, 7, 4, 1))
8 00101010 211 11010011 ((), (5, 2), (6, 3, 8, 7, 4, 1))
8 00101011 212 11010100 ((), (5, 2, 1), (6, 3, 8, 7, 4))
8 00101100 236 11101100 ((), (5, 2, 1), (6, 8, 7, 4, 3))
8 00101101 214 11010110 ((), (5, 2), (6, 1, 8, 7, 4, 3))
8 00101110 215 11010111 ((), (5,), (6, 1, 8, 7, 4, 3, 2))
8 00101111 239 11101111 ((), (5,), (6, 8, 7, 4, 3, 2, 1))
8 00110000 208 11010000 ((), (), (6, 5, 8, 7, 4, 3, 2, 1))
8 00110001 207 11001111 ((), (1,), (6, 5, 8, 7, 4, 3, 2))
8 00110010 194 11000010 ((), (1,), (6, 5, 2, 8, 7, 4, 3))
8 00110011 187 10111011 ((), (), (6, 5, 2, 1, 8, 7, 4, 3))
8 00110100 186 10111010 ((), (3,), (6, 5, 2, 1, 8, 7, 4))
8 00110101 193 11000001 ((), (3,), (6, 5, 2, 8, 7, 4, 1))
8 00110110 202 11001010 ((), (3, 2), (6, 5, 8, 7, 4, 1))
8 00110111 201 11001001 ((), (3, 2, 1), (6, 5, 8, 7, 4))
8 00111000 200 11001000 ((), (3, 2, 1), (6, 5, 4, 8, 7))
8 00111001 196 11000100 ((), (3, 2), (6, 5, 4, 1, 8, 7))
8 00111010 197 11000101 ((), (3,), (6, 5, 4, 1, 8, 7, 2))
8 00111011 203 11001011 ((), (3,), (6, 5, 4, 8, 7, 2, 1))
8 00111100 196 11000100 ((), (), (6, 5, 4, 3, 8, 7, 2, 1))
8 00111101 195 11000011 ((), (1,), (6, 5, 4, 3, 8, 7, 2))
8 00111110 194 11000010 ((), (1,), (6, 5, 4, 3, 2, 8, 7))
8 00111111 193 11000001 ((), (), (6, 5, 4, 3, 2, 1, 8, 7))
8 01000000 192 11000000 ((), (7,), (6, 5, 4, 3, 2, 1, 8))
8 01000001 193 11000001 ((), (7,), (6, 5, 4, 3, 2, 8, 1))
8 01000010 190 10111110 ((), (7, 2), (6, 5, 4, 3, 8, 1))
8 01000011 189 10111101 ((), (7, 2, 1), (6, 5, 4, 3, 8))
8 01000100 199 11000111 ((), (7, 2, 1), (6, 5, 4, 8, 3))
8 01000101 195 11000011 ((), (7, 2), (6, 5, 4, 1, 8, 3))
8 01000110 195 11000011 ((), (7,), (6, 5, 4, 1, 8, 3, 2))
8 01000111 199 11000111 ((), (7,), (6, 5, 4, 8, 3, 2, 1))
8 01001000 184 10111000 ((), (7, 4), (6, 5, 8, 3, 2, 1))
8 01001001 183 10110111 ((), (7, 4, 1), (6, 5, 8, 3, 2))
8 01001010 183 10110111 ((), (7, 4, 1), (6, 5, 2, 8, 3))
8 01001011 181 10110101 ((), (7, 4), (6, 5, 2, 1, 8, 3))
8 01001100 180 10110100 ((), (7, 4, 3), (6, 5, 2, 1, 8))
8 01001101 181 10110101 ((), (7, 4, 3), (6, 5, 2, 8, 1))
8 01001110 178 10110010 ((), (7, 4, 3, 2), (6, 5, 8, 1))
8 01001111 177 10110001 ((), (7, 4, 3, 2, 1), (6, 5, 8))
8 01010000 223 11011111 ((), (7, 4, 3, 2, 1), (6, 8, 5))
8 01010001 207 11001111 ((), (7, 4, 3, 2), (6, 1, 8, 5))
8 01010010 207 11001111 ((), (7, 4, 3), (6, 1, 8, 5, 2))
8 01010011 223 11011111 ((), (7, 4, 3), (6, 8, 5, 2, 1))
8 01010100 201 11001001 ((), (7, 4), (6, 3, 8, 5, 2, 1))
8 01010101 202 11001010 ((), (7, 4, 1), (6, 3, 8, 5, 2))
8 01010110 199 11000111 ((), (7, 4, 1), (6, 3, 2, 8, 5))
8 01010111 195 11000011 ((), (7, 4), (6, 3, 2, 1, 8, 5))
8 01011000 195 11000011 ((), (7,), (6, 3, 2, 1, 8, 5, 4))
8 01011001 199 11000111 ((), (7,), (6, 3, 2, 8, 5, 4, 1))
8 01011010 202 11001010 ((), (7, 2), (6, 3, 8, 5, 4, 1))
8 01011011 201 11001001 ((), (7, 2, 1), (6, 3, 8, 5, 4))
8 01011100 223 11011111 ((), (7, 2, 1), (6, 8, 5, 4, 3))
8 01011101 207 11001111 ((), (7, 2), (6, 1, 8, 5, 4, 3))
8 01011110 207 11001111 ((), (7,), (6, 1, 8, 5, 4, 3, 2))
8 01011111 223 11011111 ((), (7,), (6, 8, 5, 4, 3, 2, 1))
8 01100000 96 1100000 ((), (7, 6), (8, 5, 4, 3, 2, 1))
8 01100001 97 1100001 ((), (7, 6, 1), (8, 5, 4, 3, 2))
8 01100010 147 10010011 ((), (7, 6, 1), (2, 8, 5, 4, 3))
8 01100011 139 10001011 ((), (7, 6), (2, 1, 8, 5, 4, 3))
8 01100100 138 10001010 ((), (7, 6, 3), (2, 1, 8, 5, 4))
8 01100101 145 10010001 ((), (7, 6, 3), (2, 8, 5, 4, 1))
8 01100110 102 1100110 ((), (7, 6, 3, 2), (8, 5, 4, 1))
8 01100111 103 1100111 ((), (7, 6, 3, 2, 1), (8, 5, 4))
8 01101000 159 10011111 ((), (7, 6, 3, 2, 1), (4, 8, 5))
8 01101001 151 10010111 ((), (7, 6, 3, 2), (4, 1, 8, 5))
8 01101010 150 10010110 ((), (7, 6, 3), (4, 1, 8, 5, 2))
8 01101011 156 10011100 ((), (7, 6, 3), (4, 8, 5, 2, 1))
8 01101100 148 10010100 ((), (7, 6), (4, 3, 8, 5, 2, 1))
8 01101101 147 10010011 ((), (7, 6, 1), (4, 3, 8, 5, 2))
8 01101110 147 10010011 ((), (7, 6, 1), (4, 3, 2, 8, 5))
8 01101111 145 10010001 ((), (7, 6), (4, 3, 2, 1, 8, 5))
8 01110000 144 10010000 ((), (7, 6, 5), (4, 3, 2, 1, 8))
8 01110001 145 10010001 ((), (7, 6, 5), (4, 3, 2, 8, 1))
8 01110010 142 10001110 ((), (7, 6, 5, 2), (4, 3, 8, 1))
8 01110011 141 10001101 ((), (7, 6, 5, 2, 1), (4, 3, 8))
8 01110100 151 10010111 ((), (7, 6, 5, 2, 1), (4, 8, 3))
8 01110101 147 10010011 ((), (7, 6, 5, 2), (4, 1, 8, 3))
8 01110110 147 10010011 ((), (7, 6, 5), (4, 1, 8, 3, 2))
8 01110111 151 10010111 ((), (7, 6, 5), (4, 8, 3, 2, 1))
8 01111000 120 1111000 ((), (7, 6, 5, 4), (8, 3, 2, 1))
8 01111001 121 1111001 ((), (7, 6, 5, 4, 1), (8, 3, 2))
8 01111010 135 10000111 ((), (7, 6, 5, 4, 1), (2, 8, 3))
8 01111011 133 10000101 ((), (7, 6, 5, 4), (2, 1, 8, 3))
8 01111100 132 10000100 ((), (7, 6, 5, 4, 3), (2, 1, 8))
8 01111101 133 10000101 ((), (7, 6, 5, 4, 3), (2, 8, 1))
8 01111110 126 1111110 ((), (7, 6, 5, 4, 3, 2), (8, 1))
8 01111111 127 1111111 ((), (7, 6, 5, 4, 3, 2, 1), (8,))
8 10000000 127 1111111 ((), (7, 6, 5, 4, 3, 2, 1), (8,))
8 10000001 126 1111110 ((), (7, 6, 5, 4, 3, 2), (8, 1))
8 10000010 126 1111110 ((), (7, 6, 5, 4, 3), (8, 1, 2))
8 10000011 127 1111111 ((), (7, 6, 5, 4, 3), (8, 2, 1))
8 10000100 120 1111000 ((), (7, 6, 5, 4), (8, 3, 2, 1))
8 10000101 121 1111001 ((), (7, 6, 5, 4, 1), (8, 3, 2))
8 10000110 121 1111001 ((), (7, 6, 5, 4, 1), (8, 3, 2))
8 10000111 120 1111000 ((), (7, 6, 5, 4), (8, 3, 2, 1))
8 10001000 120 1111000 ((), (7, 6, 5), (8, 3, 2, 1, 4))
8 10001001 121 1111001 ((), (7, 6, 5), (8, 3, 2, 4, 1))
8 10001010 118 1110110 ((), (7, 6, 5, 2), (8, 3, 4, 1))
8 10001011 117 1110101 ((), (7, 6, 5, 2, 1), (8, 3, 4))
8 10001100 127 1111111 ((), (7, 6, 5, 2, 1), (8, 4, 3))
8 10001101 123 1111011 ((), (7, 6, 5, 2), (8, 1, 4, 3))
8 10001110 123 1111011 ((), (7, 6, 5), (8, 1, 4, 3, 2))
8 10001111 127 1111111 ((), (7, 6, 5), (8, 4, 3, 2, 1))
8 10010000 96 1100000 ((), (7, 6), (8, 5, 4, 3, 2, 1))
8 10010001 97 1100001 ((), (7, 6, 1), (8, 5, 4, 3, 2))
8 10010010 91 1011011 ((), (7, 6, 1), (8, 5, 2, 4, 3))
8 10010011 87 1010111 ((), (7, 6), (8, 5, 2, 1, 4, 3))
8 10010100 88 1011000 ((), (7, 6, 3), (8, 5, 2, 1, 4))
8 10010101 93 1011101 ((), (7, 6, 3), (8, 5, 2, 4, 1))
8 10010110 102 1100110 ((), (7, 6, 3, 2), (8, 5, 4, 1))
8 10010111 103 1100111 ((), (7, 6, 3, 2, 1), (8, 5, 4))
8 10011000 103 1100111 ((), (7, 6, 3, 2, 1), (8, 5, 4))
8 10011001 102 1100110 ((), (7, 6, 3, 2), (8, 5, 4, 1))
8 10011010 102 1100110 ((), (7, 6, 3), (8, 5, 4, 1, 2))
8 10011011 103 1100111 ((), (7, 6, 3), (8, 5, 4, 2, 1))
8 10011100 96 1100000 ((), (7, 6), (8, 5, 4, 3, 2, 1))
8 10011101 97 1100001 ((), (7, 6, 1), (8, 5, 4, 3, 2))
8 10011110 97 1100001 ((), (7, 6, 1), (8, 5, 4, 3, 2))
8 10011111 96 1100000 ((), (7, 6), (8, 5, 4, 3, 2, 1))
8 10100000 96 1100000 ((), (7,), (8, 5, 4, 3, 2, 1, 6))
8 10100001 97 1100001 ((), (7,), (8, 5, 4, 3, 2, 6, 1))
8 10100010 94 1011110 ((), (7, 2), (8, 5, 4, 3, 6, 1))
8 10100011 93 1011101 ((), (7, 2, 1), (8, 5, 4, 3, 6))
8 10100100 103 1100111 ((), (7, 2, 1), (8, 5, 4, 6, 3))
8 10100101 99 1100011 ((), (7, 2), (8, 5, 4, 1, 6, 3))
8 10100110 99 1100011 ((), (7,), (8, 5, 4, 1, 6, 3, 2))
8 10100111 103 1100111 ((), (7,), (8, 5, 4, 6, 3, 2, 1))
8 10101000 88 1011000 ((), (7, 4), (8, 5, 6, 3, 2, 1))
8 10101001 87 1010111 ((), (7, 4, 1), (8, 5, 6, 3, 2))
8 10101010 87 1010111 ((), (7, 4, 1), (8, 5, 2, 6, 3))
8 10101011 85 1010101 ((), (7, 4), (8, 5, 2, 1, 6, 3))
8 10101100 84 1010100 ((), (7, 4, 3), (8, 5, 2, 1, 6))
8 10101101 85 1010101 ((), (7, 4, 3), (8, 5, 2, 6, 1))
8 10101110 82 1010010 ((), (7, 4, 3, 2), (8, 5, 6, 1))
8 10101111 81 1010001 ((), (7, 4, 3, 2, 1), (8, 5, 6))
8 10110000 127 1111111 ((), (7, 4, 3, 2, 1), (8, 6, 5))
8 10110001 111 1101111 ((), (7, 4, 3, 2), (8, 1, 6, 5))
8 10110010 111 1101111 ((), (7, 4, 3), (8, 1, 6, 5, 2))
8 10110011 127 1111111 ((), (7, 4, 3), (8, 6, 5, 2, 1))
8 10110100 105 1101001 ((), (7, 4), (8, 3, 6, 5, 2, 1))
8 10110101 106 1101010 ((), (7, 4, 1), (8, 3, 6, 5, 2))
8 10110110 103 1100111 ((), (7, 4, 1), (8, 3, 2, 6, 5))
8 10110111 99 1100011 ((), (7, 4), (8, 3, 2, 1, 6, 5))
8 10111000 99 1100011 ((), (7,), (8, 3, 2, 1, 6, 5, 4))
8 10111001 103 1100111 ((), (7,), (8, 3, 2, 6, 5, 4, 1))
8 10111010 106 1101010 ((), (7, 2), (8, 3, 6, 5, 4, 1))
8 10111011 105 1101001 ((), (7, 2, 1), (8, 3, 6, 5, 4))
8 10111100 127 1111111 ((), (7, 2, 1), (8, 6, 5, 4, 3))
8 10111101 111 1101111 ((), (7, 2), (8, 1, 6, 5, 4, 3))
8 10111110 111 1101111 ((), (7,), (8, 1, 6, 5, 4, 3, 2))
8 10111111 127 1111111 ((), (7,), (8, 6, 5, 4, 3, 2, 1))
8 11000000 0 0 ((), (), (8, 7, 6, 5, 4, 3, 2, 1))
8 11000001 1 1 ((), (1,), (8, 7, 6, 5, 4, 3, 2))
8 11000010 50 110010 ((), (1,), (8, 7, 2, 6, 5, 4, 3))
8 11000011 43 101011 ((), (), (8, 7, 2, 1, 6, 5, 4, 3))
8 11000100 42 101010 ((), (3,), (8, 7, 2, 1, 6, 5, 4))
8 11000101 49 110001 ((), (3,), (8, 7, 2, 6, 5, 4, 1))
8 11000110 6 110 ((), (3, 2), (8, 7, 6, 5, 4, 1))
8 11000111 7 111 ((), (3, 2, 1), (8, 7, 6, 5, 4))
8 11001000 56 111000 ((), (3, 2, 1), (8, 7, 4, 6, 5))
8 11001001 52 110100 ((), (3, 2), (8, 7, 4, 1, 6, 5))
8 11001010 53 110101 ((), (3,), (8, 7, 4, 1, 6, 5, 2))
8 11001011 59 111011 ((), (3,), (8, 7, 4, 6, 5, 2, 1))
8 11001100 52 110100 ((), (), (8, 7, 4, 3, 6, 5, 2, 1))
8 11001101 51 110011 ((), (1,), (8, 7, 4, 3, 6, 5, 2))
8 11001110 50 110010 ((), (1,), (8, 7, 4, 3, 2, 6, 5))
8 11001111 49 110001 ((), (), (8, 7, 4, 3, 2, 1, 6, 5))
8 11010000 48 110000 ((), (5,), (8, 7, 4, 3, 2, 1, 6))
8 11010001 49 110001 ((), (5,), (8, 7, 4, 3, 2, 6, 1))
8 11010010 46 101110 ((), (5, 2), (8, 7, 4, 3, 6, 1))
8 11010011 45 101101 ((), (5, 2, 1), (8, 7, 4, 3, 6))
8 11010100 55 110111 ((), (5, 2, 1), (8, 7, 4, 6, 3))
8 11010101 51 110011 ((), (5, 2), (8, 7, 4, 1, 6, 3))
8 11010110 51 110011 ((), (5,), (8, 7, 4, 1, 6, 3, 2))
8 11010111 55 110111 ((), (5,), (8, 7, 4, 6, 3, 2, 1))
8 11011000 24 11000 ((), (5, 4), (8, 7, 6, 3, 2, 1))
8 11011001 25 11001 ((), (5, 4, 1), (8, 7, 6, 3, 2))
8 11011010 39 100111 ((), (5, 4, 1), (8, 7, 2, 6, 3))
8 11011011 37 100101 ((), (5, 4), (8, 7, 2, 1, 6, 3))
8 11011100 36 100100 ((), (5, 4, 3), (8, 7, 2, 1, 6))
8 11011101 37 100101 ((), (5, 4, 3), (8, 7, 2, 6, 1))
8 11011110 30 11110 ((), (5, 4, 3, 2), (8, 7, 6, 1))
8 11011111 31 11111 ((), (5, 4, 3, 2, 1), (8, 7, 6))
8 11100000 31 11111 ((), (5, 4, 3, 2, 1), (8, 7, 6))
8 11100001 30 11110 ((), (5, 4, 3, 2), (8, 7, 6, 1))
8 11100010 30 11110 ((), (5, 4, 3), (8, 7, 6, 1, 2))
8 11100011 31 11111 ((), (5, 4, 3), (8, 7, 6, 2, 1))
8 11100100 24 11000 ((), (5, 4), (8, 7, 6, 3, 2, 1))
8 11100101 25 11001 ((), (5, 4, 1), (8, 7, 6, 3, 2))
8 11100110 25 11001 ((), (5, 4, 1), (8, 7, 6, 3, 2))
8 11100111 24 11000 ((), (5, 4), (8, 7, 6, 3, 2, 1))
8 11101000 24 11000 ((), (5,), (8, 7, 6, 3, 2, 1, 4))
8 11101001 25 11001 ((), (5,), (8, 7, 6, 3, 2, 4, 1))
8 11101010 22 10110 ((), (5, 2), (8, 7, 6, 3, 4, 1))
8 11101011 21 10101 ((), (5, 2, 1), (8, 7, 6, 3, 4))
8 11101100 31 11111 ((), (5, 2, 1), (8, 7, 6, 4, 3))
8 11101101 27 11011 ((), (5, 2), (8, 7, 6, 1, 4, 3))
8 11101110 27 11011 ((), (5,), (8, 7, 6, 1, 4, 3, 2))
8 11101111 31 11111 ((), (5,), (8, 7, 6, 4, 3, 2, 1))
8 11110000 0 0 ((), (), (8, 7, 6, 5, 4, 3, 2, 1))
8 11110001 1 1 ((), (1,), (8, 7, 6, 5, 4, 3, 2))
8 11110010 14 1110 ((), (1,), (8, 7, 6, 5, 2, 4, 3))
8 11110011 13 1101 ((), (), (8, 7, 6, 5, 2, 1, 4, 3))
8 11110100 12 1100 ((), (3,), (8, 7, 6, 5, 2, 1, 4))
8 11110101 13 1101 ((), (3,), (8, 7, 6, 5, 2, 4, 1))
8 11110110 6 110 ((), (3, 2), (8, 7, 6, 5, 4, 1))
8 11110111 7 111 ((), (3, 2, 1), (8, 7, 6, 5, 4))
8 11111000 7 111 ((), (3, 2, 1), (8, 7, 6, 5, 4))
8 11111001 6 110 ((), (3, 2), (8, 7, 6, 5, 4, 1))
8 11111010 6 110 ((), (3,), (8, 7, 6, 5, 4, 1, 2))
8 11111011 7 111 ((), (3,), (8, 7, 6, 5, 4, 2, 1))
8 11111100 0 0 ((), (), (8, 7, 6, 5, 4, 3, 2, 1))
8 11111101 1 1 ((), (1,), (8, 7, 6, 5, 4, 3, 2))
8 11111110 1 1 ((), (1,), (8, 7, 6, 5, 4, 3, 2))
8 11111111 0 0 ((), (), (8, 7, 6, 5, 4, 3, 2, 1))
9 000000000 0 0 ((), (), (9, 8, 7, 6, 5, 4, 3, 2, 1))
9 000000001 385 110000001 ((), (), (1, 9, 8, 7, 6, 5, 4, 3, 2))
9 000000010 384 110000000 ((), (2,), (1, 9, 8, 7, 6, 5, 4, 3))
9 000000011 3 11 ((), (2, 1), (9, 8, 7, 6, 5, 4, 3))
9 000000100 388 110000100 ((), (2, 1), (3, 9, 8, 7, 6, 5, 4))
9 000000101 389 110000101 ((), (2,), (3, 9, 8, 7, 6, 5, 4, 1))
9 000000110 326 101000110 ((), (), (3, 2, 9, 8, 7, 6, 5, 4, 1))
9 000000111 295 100100111 ((), (), (3, 2, 1, 9, 8, 7, 6, 5, 4))
9 000001000 294 100100110 ((), (4,), (3, 2, 1, 9, 8, 7, 6, 5))
9 000001001 323 101000011 ((), (4, 1), (3, 2, 9, 8, 7, 6, 5))
9 000001010 387 110000011 ((), (4, 1), (3, 9, 8, 7, 6, 5, 2))
9 000001011 387 110000011 ((), (4,), (3, 9, 8, 7, 6, 5, 2, 1))
9 000001100 12 1100 ((), (4, 3), (9, 8, 7, 6, 5, 2, 1))
9 000001101 379 101111011 ((), (4, 3), (1, 9, 8, 7, 6, 5, 2))
9 000001110 378 101111010 ((), (4, 3, 2), (1, 9, 8, 7, 6, 5))
9 000001111 15 1111 ((), (4, 3, 2, 1), (9, 8, 7, 6, 5))
9 000010000 400 110010000 ((), (4, 3, 2, 1), (5, 9, 8, 7, 6))
9 000010001 401 110010001 ((), (4, 3, 2), (5, 9, 8, 7, 6, 1))
9 000010010 344 101011000 ((), (4, 3), (5, 2, 9, 8, 7, 6, 1))
9 000010011 316 100111100 ((), (4, 3), (5, 2, 1, 9, 8, 7, 6))
9 000010100 317 100111101 ((), (4,), (5, 2, 1, 9, 8, 7, 6, 3))
9 000010101 346 101011010 ((), (4, 1), (5, 2, 9, 8, 7, 6, 3))
9 000010110 406 110010110 ((), (4, 1), (5, 9, 8, 7, 6, 3, 2))
9 000010111 407 110010111 ((), (4,), (5, 9, 8, 7, 6, 3, 2, 1))
9 000011000 344 101011000 ((), (), (5, 4, 9, 8, 7, 6, 3, 2, 1))
9 000011001 313 100111001 ((), (), (5, 4, 1, 9, 8, 7, 6, 3, 2))
9 000011010 312 100111000 ((), (2,), (5, 4, 1, 9, 8, 7, 6, 3))
9 000011011 341 101010101 ((), (2, 1), (5, 4, 9, 8, 7, 6, 3))
9 000011100 316 100111100 ((), (2, 1), (5, 4, 3, 9, 8, 7, 6))
9 000011101 317 100111101 ((), (2,), (5, 4, 3, 9, 8, 7, 6, 1))
9 000011110 302 100101110 ((), (), (5, 4, 3, 2, 9, 8, 7, 6, 1))
9 000011111 295 100100111 ((), (), (5, 4, 3, 2, 1, 9, 8, 7, 6))
9 000100000 294 100100110 ((), (6,), (5, 4, 3, 2, 1, 9, 8, 7))
9 000100001 299 100101011 ((), (6, 1), (5, 4, 3, 2, 9, 8, 7))
9 000100010 315 100111011 ((), (6, 1), (5, 4, 3, 9, 8, 7, 2))
9 000100011 315 100111011 ((), (6,), (5, 4, 3, 9, 8, 7, 2, 1))
9 000100100 332 101001100 ((), (6, 3), (5, 4, 9, 8, 7, 2, 1))
9 000100101 307 100110011 ((), (6, 3), (5, 4, 1, 9, 8, 7, 2))
9 000100110 306 100110010 ((), (6, 3, 2), (5, 4, 1, 9, 8, 7))
9 000100111 329 101001001 ((), (6, 3, 2, 1), (5, 4, 9, 8, 7))
9 000101000 399 110001111 ((), (6, 3, 2, 1), (5, 9, 8, 7, 4))
9 000101001 399 110001111 ((), (6, 3, 2), (5, 9, 8, 7, 4, 1))
9 000101010 341 101010101 ((), (6, 3), (5, 2, 9, 8, 7, 4, 1))
9 000101011 315 100111011 ((), (6, 3), (5, 2, 1, 9, 8, 7, 4))
9 000101100 315 100111011 ((), (6,), (5, 2, 1, 9, 8, 7, 4, 3))
9 000101101 341 101010101 ((), (6, 1), (5, 2, 9, 8, 7, 4, 3))
9 000101110 399 110001111 ((), (6, 1), (5, 9, 8, 7, 4, 3, 2))
9 000101111 399 110001111 ((), (6,), (5, 9, 8, 7, 4, 3, 2, 1))
9 000110000 48 110000 ((), (6, 5), (9, 8, 7, 4, 3, 2, 1))
9 000110001 361 101101001 ((), (6, 5), (1, 9, 8, 7, 4, 3, 2))
9 000110010 360 101101000 ((), (6, 5, 2), (1, 9, 8, 7, 4, 3))
9 000110011 51 110011 ((), (6, 5, 2, 1), (9, 8, 7, 4, 3))
9 000110100 367 101101111 ((), (6, 5, 2, 1), (3, 9, 8, 7, 4))
9 000110101 366 101101110 ((), (6, 5, 2), (3, 9, 8, 7, 4, 1))
9 000110110 314 100111010 ((), (6, 5), (3, 2, 9, 8, 7, 4, 1))
9 000110111 289 100100001 ((), (6, 5), (3, 2, 1, 9, 8, 7, 4))
9 000111000 288 100100000 ((), (6, 5, 4), (3, 2, 1, 9, 8, 7))
9 000111001 311 100110111 ((), (6, 5, 4, 1), (3, 2, 9, 8, 7))
9 000111010 363 101101011 ((), (6, 5, 4, 1), (3, 9, 8, 7, 2))
9 000111011 363 101101011 ((), (6, 5, 4), (3, 9, 8, 7, 2, 1))
9 000111100 60 111100 ((), (6, 5, 4, 3), (9, 8, 7, 2, 1))
9 000111101 355 101100011 ((), (6, 5, 4, 3), (1, 9, 8, 7, 2))
9 000111110 354 101100010 ((), (6, 5, 4, 3, 2), (1, 9, 8, 7))
9 000111111 63 111111 ((), (6, 5, 4, 3, 2, 1), (9, 8, 7))
9 001000000 448 111000000 ((), (6, 5, 4, 3, 2, 1), (7, 9, 8))
9 001000001 449 111000001 ((), (6, 5, 4, 3, 2), (7, 9, 8, 1))
9 001000010 416 110100000 ((), (6, 5, 4, 3), (7, 2, 9, 8, 1))
9 001000011 400 110010000 ((), (6, 5, 4, 3), (7, 2, 1, 9, 8))
9 001000100 401 110010001 ((), (6, 5, 4), (7, 2, 1, 9, 8, 3))
9 001000101 418 110100010 ((), (6, 5, 4, 1), (7, 2, 9, 8, 3))
9 001000110 454 111000110 ((), (6, 5, 4, 1), (7, 9, 8, 3, 2))
9 001000111 455 111000111 ((), (6, 5, 4), (7, 9, 8, 3, 2, 1))
9 001001000 416 110100000 ((), (6, 5), (7, 4, 9, 8, 3, 2, 1))
9 001001001 397 110001101 ((), (6, 5), (7, 4, 1, 9, 8, 3, 2))
9 001001010 397 110001101 ((), (6, 5, 2), (7, 4, 1, 9, 8, 3))
9 001001011 416 110100000 ((), (6, 5, 2, 1), (7, 4, 9, 8, 3))
9 001001100 400 110010000 ((), (6, 5, 2, 1), (7, 4, 3, 9, 8))
9 001001101 401 110010001 ((), (6, 5, 2), (7, 4, 3, 9, 8, 1))
9 001001110 392 110001000 ((), (6, 5), (7, 4, 3, 2, 9, 8, 1))
9 001001111 388 110000100 ((), (6, 5), (7, 4, 3, 2, 1, 9, 8))
9 001010000 389 110000101 ((), (6,), (7, 4, 3, 2, 1, 9, 8, 5))
9 001010001 394 110001010 ((), (6, 1), (7, 4, 3, 2, 9, 8, 5))
9 001010010 406 110010110 ((), (6, 1), (7, 4, 3, 9, 8, 5, 2))
9 001010011 407 110010111 ((), (6,), (7, 4, 3, 9, 8, 5, 2, 1))
9 001010100 421 110100101 ((), (6, 3), (7, 4, 9, 8, 5, 2, 1))
9 001010101 400 110010000 ((), (6, 3), (7, 4, 1, 9, 8, 5, 2))
9 001010110 401 110010001 ((), (6, 3, 2), (7, 4, 1, 9, 8, 5))
9 001010111 424 110101000 ((), (6, 3, 2, 1), (7, 4, 9, 8, 5))
9 001011000 472 111011000 ((), (6, 3, 2, 1), (7, 9, 8, 5, 4))
9 001011001 473 111011001 ((), (6, 3, 2), (7, 9, 8, 5, 4, 1))
9 001011010 428 110101100 ((), (6, 3), (7, 2, 9, 8, 5, 4, 1))
9 001011011 406 110010110 ((), (6, 3), (7, 2, 1, 9, 8, 5, 4))
9 001011100 407 110010111 ((), (6,), (7, 2, 1, 9, 8, 5, 4, 3))
9 001011101 430 110101110 ((), (6, 1), (7, 2, 9, 8, 5, 4, 3))
9 001011110 478 111011110 ((), (6, 1), (7, 9, 8, 5, 4, 3, 2))
9 001011111 479 111011111 ((), (6,), (7, 9, 8, 5, 4, 3, 2, 1))
9 001100000 416 110100000 ((), (), (7, 6, 9, 8, 5, 4, 3, 2, 1))
9 001100001 385 110000001 ((), (), (7, 6, 1, 9, 8, 5, 4, 3, 2))
9 001100010 384 110000000 ((), (2,), (7, 6, 1, 9, 8, 5, 4, 3))
9 001100011 413 110011101 ((), (2, 1), (7, 6, 9, 8, 5, 4, 3))
9 001100100 388 110000100 ((), (2, 1), (7, 6, 3, 9, 8, 5, 4))
9 001100101 389 110000101 ((), (2,), (7, 6, 3, 9, 8, 5, 4, 1))
9 001100110 374 101110110 ((), (), (7, 6, 3, 2, 9, 8, 5, 4, 1))
9 001100111 367 101101111 ((), (), (7, 6, 3, 2, 1, 9, 8, 5, 4))
9 001101000 366 101101110 ((), (4,), (7, 6, 3, 2, 1, 9, 8, 5))
9 001101001 371 101110011 ((), (4, 1), (7, 6, 3, 2, 9, 8, 5))
9 001101010 387 110000011 ((), (4, 1), (7, 6, 3, 9, 8, 5, 2))
9 001101011 387 110000011 ((), (4,), (7, 6, 3, 9, 8, 5, 2, 1))
9 001101100 404 110010100 ((), (4, 3), (7, 6, 9, 8, 5, 2, 1))
9 001101101 379 101111011 ((), (4, 3), (7, 6, 1, 9, 8, 5, 2))
9 001101110 378 101111010 ((), (4, 3, 2), (7, 6, 1, 9, 8, 5))
9 001101111 401 110010001 ((), (4, 3, 2, 1), (7, 6, 9, 8, 5))
9 001110000 400 110010000 ((), (4, 3, 2, 1), (7, 6, 5, 9, 8))
9 001110001 401 110010001 ((), (4, 3, 2), (7, 6, 5, 9, 8, 1))
9 001110010 392 110001000 ((), (4, 3), (7, 6, 5, 2, 9, 8, 1))
9 001110011 388 110000100 ((), (4, 3), (7, 6, 5, 2, 1, 9, 8))
9 001110100 389 110000101 ((), (4,), (7, 6, 5, 2, 1, 9, 8, 3))
9 001110101 394 110001010 ((), (4, 1), (7, 6, 5, 2, 9, 8, 3))
9 001110110 406 110010110 ((), (4, 1), (7, 6, 5, 9, 8, 3, 2))
9 001110111 407 110010111 ((), (4,), (7, 6, 5, 9, 8, 3, 2, 1))
9 001111000 392 110001000 ((), (), (7, 6, 5, 4, 9, 8, 3, 2, 1))
9 001111001 385 110000001 ((), (), (7, 6, 5, 4, 1, 9, 8, 3, 2))
9 001111010 384 110000000 ((), (2,), (7, 6, 5, 4, 1, 9, 8, 3))
9 001111011 389 110000101 ((), (2, 1), (7, 6, 5, 4, 9, 8, 3))
9 001111100 388 110000100 ((), (2, 1), (7, 6, 5, 4, 3, 9, 8))
9 001111101 389 110000101 ((), (2,), (7, 6, 5, 4, 3, 9, 8, 1))
9 001111110 386 110000010 ((), (), (7, 6, 5, 4, 3, 2, 9, 8, 1))
9 001111111 385 110000001 ((), (), (7, 6, 5, 4, 3, 2, 1, 9, 8))
9 010000000 384 110000000 ((), (8,), (7, 6, 5, 4, 3, 2, 1, 9))
9 010000001 383 101111111 ((), (8, 1), (7, 6, 5, 4, 3, 2, 9))
9 010000010 387 110000011 ((), (8, 1), (7, 6, 5, 4, 3, 9, 2))
9 010000011 387 110000011 ((), (8,), (7, 6, 5, 4, 3, 9, 2, 1))
9 010000100 380 101111100 ((), (8, 3), (7, 6, 5, 4, 9, 2, 1))
9 010000101 379 101111011 ((), (8, 3), (7, 6, 5, 4, 1, 9, 2))
9 010000110 378 101111010 ((), (8, 3, 2), (7, 6, 5, 4, 1, 9))
9 010000111 377 101111001 ((), (8, 3, 2, 1), (7, 6, 5, 4, 9))
9 010001000 399 110001111 ((), (8, 3, 2, 1), (7, 6, 5, 9, 4))
9 010001001 399 110001111 ((), (8, 3, 2), (7, 6, 5, 9, 4, 1))
9 010001010 389 110000101 ((), (8, 3), (7, 6, 5, 2, 9, 4, 1))
9 010001011 387 110000011 ((), (8, 3), (7, 6, 5, 2, 1, 9, 4))
9 010001100 387 110000011 ((), (8,), (7, 6, 5, 2, 1, 9, 4, 3))
9 010001101 389 110000101 ((), (8, 1), (7, 6, 5, 2, 9, 4, 3))
9 010001110 399 110001111 ((), (8, 1), (7, 6, 5, 9, 4, 3, 2))
9 010001111 399 110001111 ((), (8,), (7, 6, 5, 9, 4, 3, 2, 1))
9 010010000 368 101110000 ((), (8, 5), (7, 6, 9, 4, 3, 2, 1))
9 010010001 361 101101001 ((), (8, 5), (7, 6, 1, 9, 4, 3, 2))
9 010010010 360 101101000 ((), (8, 5, 2), (7, 6, 1, 9, 4, 3))
9 010010011 365 101101101 ((), (8, 5, 2, 1), (7, 6, 9, 4, 3))
9 010010100 367 101101111 ((), (8, 5, 2, 1), (7, 6, 3, 9, 4))
9 010010101 366 101101110 ((), (8, 5, 2), (7, 6, 3, 9, 4, 1))
9 010010110 362 101101010 ((), (8, 5), (7, 6, 3, 2, 9, 4, 1))
9 010010111 361 101101001 ((), (8, 5), (7, 6, 3, 2, 1, 9, 4))
9 010011000 360 101101000 ((), (8, 5, 4), (7, 6, 3, 2, 1, 9))
9 010011001 359 101100111 ((), (8, 5, 4, 1), (7, 6, 3, 2, 9))
9 010011010 363 101101011 ((), (8, 5, 4, 1), (7, 6, 3, 9, 2))
9 010011011 363 101101011 ((), (8, 5, 4), (7, 6, 3, 9, 2, 1))
9 010011100 356 101100100 ((), (8, 5, 4, 3), (7, 6, 9, 2, 1))
9 010011101 355 101100011 ((), (8, 5, 4, 3), (7, 6, 1, 9, 2))
9 010011110 354 101100010 ((), (8, 5, 4, 3, 2), (7, 6, 1, 9))
9 010011111 353 101100001 ((), (8, 5, 4, 3, 2, 1), (7, 6, 9))
9 010100000 447 110111111 ((), (8, 5, 4, 3, 2, 1), (7, 9, 6))
9 010100001 447 110111111 ((), (8, 5, 4, 3, 2), (7, 9, 6, 1))
9 010100010 413 110011101 ((), (8, 5, 4, 3), (7, 2, 9, 6, 1))
9 010100011 399 110001111 ((), (8, 5, 4, 3), (7, 2, 1, 9, 6))
9 010100100 399 110001111 ((), (8, 5, 4), (7, 2, 1, 9, 6, 3))
9 010100101 413 110011101 ((), (8, 5, 4, 1), (7, 2, 9, 6, 3))
9 010100110 447 110111111 ((), (8, 5, 4, 1), (7, 9, 6, 3, 2))
9 010100111 447 110111111 ((), (8, 5, 4), (7, 9, 6, 3, 2, 1))
9 010101000 401 110010001 ((), (8, 5), (7, 4, 9, 6, 3, 2, 1))
9 010101001 390 110000110 ((), (8, 5), (7, 4, 1, 9, 6, 3, 2))
9 010101010 391 110000111 ((), (8, 5, 2), (7, 4, 1, 9, 6, 3))
9 010101011 404 110010100 ((), (8, 5, 2, 1), (7, 4, 9, 6, 3))
9 010101100 399 110001111 ((), (8, 5, 2, 1), (7, 4, 3, 9, 6))
9 010101101 399 110001111 ((), (8, 5, 2), (7, 4, 3, 9, 6, 1))
9 010101110 389 110000101 ((), (8, 5), (7, 4, 3, 2, 9, 6, 1))
9 010101111 387 110000011 ((), (8, 5), (7, 4, 3, 2, 1, 9, 6))
9 010110000 387 110000011 ((), (8,), (7, 4, 3, 2, 1, 9, 6, 5))
9 010110001 389 110000101 ((), (8, 1), (7, 4, 3, 2, 9, 6, 5))
9 010110010 399 110001111 ((), (8, 1), (7, 4, 3, 9, 6, 5, 2))
9 010110011 399 110001111 ((), (8,), (7, 4, 3, 9, 6, 5, 2, 1))
9 010110100 404 110010100 ((), (8, 3), (7, 4, 9, 6, 5, 2, 1))
9 010110101 391 110000111 ((), (8, 3), (7, 4, 1, 9, 6, 5, 2))
9 010110110 390 110000110 ((), (8, 3, 2), (7, 4, 1, 9, 6, 5))
9 010110111 401 110010001 ((), (8, 3, 2, 1), (7, 4, 9, 6, 5))
9 010111000 447 110111111 ((), (8, 3, 2, 1), (7, 9, 6, 5, 4))
9 010111001 447 110111111 ((), (8, 3, 2), (7, 9, 6, 5, 4, 1))
9 010111010 413 110011101 ((), (8, 3), (7, 2, 9, 6, 5, 4, 1))
9 010111011 399 110001111 ((), (8, 3), (7, 2, 1, 9, 6, 5, 4))
9 010111100 399 110001111 ((), (8,), (7, 2, 1, 9, 6, 5, 4, 3))
9 010111101 413 110011101 ((), (8, 1), (7, 2, 9, 6, 5, 4, 3))
9 010111110 447 110111111 ((), (8, 1), (7, 9, 6, 5, 4, 3, 2))
9 010111111 447 110111111 ((), (8,), (7, 9, 6, 5, 4, 3, 2, 1))
9 011000000 192 11000000 ((), (8, 7), (9, 6, 5, 4, 3, 2, 1))
9 011000001 289 100100001 ((), (8, 7), (1, 9, 6, 5, 4, 3, 2))
9 011000010 288 100100000 ((), (8, 7, 2), (1, 9, 6, 5, 4, 3))
9 011000011 195 11000011 ((), (8, 7, 2, 1), (9, 6, 5, 4, 3))
9 011000100 295 100100111 ((), (8, 7, 2, 1), (3, 9, 6, 5, 4))
9 011000101 294 100100110 ((), (8, 7, 2), (3, 9, 6, 5, 4, 1))
9 011000110 278 100010110 ((), (8, 7), (3, 2, 9, 6, 5, 4, 1))
9 011000111 271 100001111 ((), (8, 7), (3, 2, 1, 9, 6, 5, 4))
9 011001000 270 100001110 ((), (8, 7, 4), (3, 2, 1, 9, 6, 5))
9 011001001 275 100010011 ((), (8, 7, 4, 1), (3, 2, 9, 6, 5))
9 011001010 291 100100011 ((), (8, 7, 4, 1), (3, 9, 6, 5, 2))
9 011001011 291 100100011 ((), (8, 7, 4), (3, 9, 6, 5, 2, 1))
9 011001100 204 11001100 ((), (8, 7, 4, 3), (9, 6, 5, 2, 1))
9 011001101 283 100011011 ((), (8, 7, 4, 3), (1, 9, 6, 5, 2))
9 011001110 282 100011010 ((), (8, 7, 4, 3, 2), (1, 9, 6, 5))
9 011001111 207 11001111 ((), (8, 7, 4, 3, 2, 1), (9, 6, 5))
9 011010000 319 100111111 ((), (8, 7, 4, 3, 2, 1), (5, 9, 6))
9 011010001 318 100111110 ((), (8, 7, 4, 3, 2), (5, 9, 6, 1))
9 011010010 302 100101110 ((), (8, 7, 4, 3), (5, 2, 9, 6, 1))
9 011010011 295 100100111 ((), (8, 7, 4, 3), (5, 2, 1, 9, 6))
9 011010100 294 100100110 ((), (8, 7, 4), (5, 2, 1, 9, 6, 3))
9 011010101 300 100101100 ((), (8, 7, 4, 1), (5, 2, 9, 6, 3))
9 011010110 313 100111001 ((), (8, 7, 4, 1), (5, 9, 6, 3, 2))
9 011010111 312 100111000 ((), (8, 7, 4), (5, 9, 6, 3, 2, 1))
9 011011000 296 100101000 ((), (8, 7), (5, 4, 9, 6, 3, 2, 1))
9 011011001 289 100100001 ((), (8, 7), (5, 4, 1, 9, 6, 3, 2))
9 011011010 288 100100000 ((), (8, 7, 2), (5, 4, 1, 9, 6, 3))
9 011011011 293 100100101 ((), (8, 7, 2, 1), (5, 4, 9, 6, 3))
9 011011100 295 100100111 ((), (8, 7, 2, 1), (5, 4, 3, 9, 6))
9 011011101 294 100100110 ((), (8, 7, 2), (5, 4, 3, 9, 6, 1))
9 011011110 290 100100010 ((), (8, 7), (5, 4, 3, 2, 9, 6, 1))
9 011011111 289 100100001 ((), (8, 7), (5, 4, 3, 2, 1, 9, 6))
9 011100000 288 100100000 ((), (8, 7, 6), (5, 4, 3, 2, 1, 9))
9 011100001 287 100011111 ((), (8, 7, 6, 1), (5, 4, 3, 2, 9))
9 011100010 291 100100011 ((), (8, 7, 6, 1), (5, 4, 3, 9, 2))
9 011100011 291 100100011 ((), (8, 7, 6), (5, 4, 3, 9, 2, 1))
9 011100100 284 100011100 ((), (8, 7, 6, 3), (5, 4, 9, 2, 1))
9 011100101 283 100011011 ((), (8, 7, 6, 3), (5, 4, 1, 9, 2))
9 011100110 282 100011010 ((), (8, 7, 6, 3, 2), (5, 4, 1, 9))
9 011100111 281 100011001 ((), (8, 7, 6, 3, 2, 1), (5, 4, 9))
9 011101000 303 100101111 ((), (8, 7, 6, 3, 2, 1), (5, 9, 4))
9 011101001 303 100101111 ((), (8, 7, 6, 3, 2), (5, 9, 4, 1))
9 011101010 293 100100101 ((), (8, 7, 6, 3), (5, 2, 9, 4, 1))
9 011101011 291 100100011 ((), (8, 7, 6, 3), (5, 2, 1, 9, 4))
9 011101100 291 100100011 ((), (8, 7, 6), (5, 2, 1, 9, 4, 3))
9 011101101 293 100100101 ((), (8, 7, 6, 1), (5, 2, 9, 4, 3))
9 011101110 303 100101111 ((), (8, 7, 6, 1), (5, 9, 4, 3, 2))
9 011101111 303 100101111 ((), (8, 7, 6), (5, 9, 4, 3, 2, 1))
9 011110000 240 11110000 ((), (8, 7, 6, 5), (9, 4, 3, 2, 1))
9 011110001 265 100001001 ((), (8, 7, 6, 5), (1, 9, 4, 3, 2))
9 011110010 264 100001000 ((), (8, 7, 6, 5, 2), (1, 9, 4, 3))
9 011110011 243 11110011 ((), (8, 7, 6, 5, 2, 1), (9, 4, 3))
9 011110100 271 100001111 ((), (8, 7, 6, 5, 2, 1), (3, 9, 4))
9 011110101 270 100001110 ((), (8, 7, 6, 5, 2), (3, 9, 4, 1))
9 011110110 266 100001010 ((), (8, 7, 6, 5), (3, 2, 9, 4, 1))
9 011110111 265 100001001 ((), (8, 7, 6, 5), (3, 2, 1, 9, 4))
9 011111000 264 100001000 ((), (8, 7, 6, 5, 4), (3, 2, 1, 9))
9 011111001 263 100000111 ((), (8, 7, 6, 5, 4, 1), (3, 2, 9))
9 011111010 267 100001011 ((), (8, 7, 6, 5, 4, 1), (3, 9, 2))
9 011111011 267 100001011 ((), (8, 7, 6, 5, 4), (3, 9, 2, 1))
9 011111100 252 11111100 ((), (8, 7, 6, 5, 4, 3), (9, 2, 1))
9 011111101 259 100000011 ((), (8, 7, 6, 5, 4, 3), (1, 9, 2))
9 011111110 258 100000010 ((), (8, 7, 6, 5, 4, 3, 2), (1, 9))
9 011111111 255 11111111 ((), (8, 7, 6, 5, 4, 3, 2, 1), (9,))
9 100000000 255 11111111 ((), (8, 7, 6, 5, 4, 3, 2, 1), (9,))
9 100000001 255 11111111 ((), (8, 7, 6, 5, 4, 3, 2), (9, 1))
9 100000010 252 11111100 ((), (8, 7, 6, 5, 4, 3), (9, 2, 1))
9 100000011 252 11111100 ((), (8, 7, 6, 5, 4, 3), (9, 2, 1))
9 100000100 252 11111100 ((), (8, 7, 6, 5, 4), (9, 2, 1, 3))
9 100000101 251 11111011 ((), (8, 7, 6, 5, 4, 1), (9, 2, 3))
9 100000110 255 11111111 ((), (8, 7, 6, 5, 4, 1), (9, 3, 2))
9 100000111 255 11111111 ((), (8, 7, 6, 5, 4), (9, 3, 2, 1))
9 100001000 240 11110000 ((), (8, 7, 6, 5), (9, 4, 3, 2, 1))
9 100001001 237 11101101 ((), (8, 7, 6, 5), (9, 4, 1, 3, 2))
9 100001010 238 11101110 ((), (8, 7, 6, 5, 2), (9, 4, 1, 3))
9 100001011 243 11110011 ((), (8, 7, 6, 5, 2, 1), (9, 4, 3))
9 100001100 243 11110011 ((), (8, 7, 6, 5, 2, 1), (9, 4, 3))
9 100001101 243 11110011 ((), (8, 7, 6, 5, 2), (9, 4, 3, 1))
9 100001110 240 11110000 ((), (8, 7, 6, 5), (9, 4, 3, 2, 1))
9 100001111 240 11110000 ((), (8, 7, 6, 5), (9, 4, 3, 2, 1))
9 100010000 240 11110000 ((), (8, 7, 6), (9, 4, 3, 2, 1, 5))
9 100010001 239 11101111 ((), (8, 7, 6, 1), (9, 4, 3, 2, 5))
9 100010010 243 11110011 ((), (8, 7, 6, 1), (9, 4, 3, 5, 2))
9 100010011 243 11110011 ((), (8, 7, 6), (9, 4, 3, 5, 2, 1))
9 100010100 236 11101100 ((), (8, 7, 6, 3), (9, 4, 5, 2, 1))
9 100010101 235 11101011 ((), (8, 7, 6, 3), (9, 4, 1, 5, 2))
9 100010110 234 11101010 ((), (8, 7, 6, 3, 2), (9, 4, 1, 5))
9 100010111 233 11101001 ((), (8, 7, 6, 3, 2, 1), (9, 4, 5))
9 100011000 255 11111111 ((), (8, 7, 6, 3, 2, 1), (9, 5, 4))
9 100011001 255 11111111 ((), (8, 7, 6, 3, 2), (9, 5, 4, 1))
9 100011010 245 11110101 ((), (8, 7, 6, 3), (9, 2, 5, 4, 1))
9 100011011 243 11110011 ((), (8, 7, 6, 3), (9, 2, 1, 5, 4))
9 100011100 243 11110011 ((), (8, 7, 6), (9, 2, 1, 5, 4, 3))
9 100011101 245 11110101 ((), (8, 7, 6, 1), (9, 2, 5, 4, 3))
9 100011110 255 11111111 ((), (8, 7, 6, 1), (9, 5, 4, 3, 2))
9 100011111 255 11111111 ((), (8, 7, 6), (9, 5, 4, 3, 2, 1))
9 100100000 192 11000000 ((), (8, 7), (9, 6, 5, 4, 3, 2, 1))
9 100100001 183 10110111 ((), (8, 7), (9, 6, 1, 5, 4, 3, 2))
9 100100010 184 10111000 ((), (8, 7, 2), (9, 6, 1, 5, 4, 3))
9 100100011 195 11000011 ((), (8, 7, 2, 1), (9, 6, 5, 4, 3))
9 100100100 183 10110111 ((), (8, 7, 2, 1), (9, 6, 3, 5, 4))
9 100100101 183 10110111 ((), (8, 7, 2), (9, 6, 3, 5, 4, 1))
9 100100110 174 10101110 ((), (8, 7), (9, 6, 3, 2, 5, 4, 1))
9 100100111 171 10101011 ((), (8, 7), (9, 6, 3, 2, 1, 5, 4))
9 100101000 172 10101100 ((), (8, 7, 4), (9, 6, 3, 2, 1, 5))
9 100101001 177 10110001 ((), (8, 7, 4, 1), (9, 6, 3, 2, 5))
9 100101010 186 10111010 ((), (8, 7, 4, 1), (9, 6, 3, 5, 2))
9 100101011 187 10111011 ((), (8, 7, 4), (9, 6, 3, 5, 2, 1))
9 100101100 204 11001100 ((), (8, 7, 4, 3), (9, 6, 5, 2, 1))
9 100101101 189 10111101 ((), (8, 7, 4, 3), (9, 6, 1, 5, 2))
9 100101110 190 10111110 ((), (8, 7, 4, 3, 2), (9, 6, 1, 5))
9 100101111 207 11001111 ((), (8, 7, 4, 3, 2, 1), (9, 6, 5))
9 100110000 207 11001111 ((), (8, 7, 4, 3, 2, 1), (9, 6, 5))
9 100110001 207 11001111 ((), (8, 7, 4, 3, 2), (9, 6, 5, 1))
9 100110010 204 11001100 ((), (8, 7, 4, 3), (9, 6, 5, 2, 1))
9 100110011 204 11001100 ((), (8, 7, 4, 3), (9, 6, 5, 2, 1))
9 100110100 204 11001100 ((), (8, 7, 4), (9, 6, 5, 2, 1, 3))
9 100110101 203 11001011 ((), (8, 7, 4, 1), (9, 6, 5, 2, 3))
9 100110110 207 11001111 ((), (8, 7, 4, 1), (9, 6, 5, 3, 2))
9 100110111 207 11001111 ((), (8, 7, 4), (9, 6, 5, 3, 2, 1))
9 100111000 192 11000000 ((), (8, 7), (9, 6, 5, 4, 3, 2, 1))
9 100111001 189 10111101 ((), (8, 7), (9, 6, 5, 4, 1, 3, 2))
9 100111010 190 10111110 ((), (8, 7, 2), (9, 6, 5, 4, 1, 3))
9 100111011 195 11000011 ((), (8, 7, 2, 1), (9, 6, 5, 4, 3))
9 100111100 195 11000011 ((), (8, 7, 2, 1), (9, 6, 5, 4, 3))
9 100111101 195 11000011 ((), (8, 7, 2), (9, 6, 5, 4, 3, 1))
9 100111110 192 11000000 ((), (8, 7), (9, 6, 5, 4, 3, 2, 1))
9 100111111 192 11000000 ((), (8, 7), (9, 6, 5, 4, 3, 2, 1))
9 101000000 192 11000000 ((), (8,), (9, 6, 5, 4, 3, 2, 1, 7))
9 101000001 191 10111111 ((), (8, 1), (9, 6, 5, 4, 3, 2, 7))
9 101000010 195 11000011 ((), (8, 1), (9, 6, 5, 4, 3, 7, 2))
9 101000011 195 11000011 ((), (8,), (9, 6, 5, 4, 3, 7, 2, 1))
9 101000100 188 10111100 ((), (8, 3), (9, 6, 5, 4, 7, 2, 1))
9 101000101 187 10111011 ((), (8, 3), (9, 6, 5, 4, 1, 7, 2))
9 101000110 186 10111010 ((), (8, 3, 2), (9, 6, 5, 4, 1, 7))
9 101000111 185 10111001 ((), (8, 3, 2, 1), (9, 6, 5, 4, 7))
9 101001000 207 11001111 ((), (8, 3, 2, 1), (9, 6, 5, 7, 4))
9 101001001 207 11001111 ((), (8, 3, 2), (9, 6, 5, 7, 4, 1))
9 101001010 197 11000101 ((), (8, 3), (9, 6, 5, 2, 7, 4, 1))
9 101001011 195 11000011 ((), (8, 3), (9, 6, 5, 2, 1, 7, 4))
9 101001100 195 11000011 ((), (8,), (9, 6, 5, 2, 1, 7, 4, 3))
9 101001101 197 11000101 ((), (8, 1), (9, 6, 5, 2, 7, 4, 3))
9 101001110 207 11001111 ((), (8, 1), (9, 6, 5, 7, 4, 3, 2))
9 101001111 207 11001111 ((), (8,), (9, 6, 5, 7, 4, 3, 2, 1))
9 101010000 176 10110000 ((), (8, 5), (9, 6, 7, 4, 3, 2, 1))
9 101010001 169 10101001 ((), (8, 5), (9, 6, 1, 7, 4, 3, 2))
9 101010010 168 10101000 ((), (8, 5, 2), (9, 6, 1, 7, 4, 3))
9 101010011 173 10101101 ((), (8, 5, 2, 1), (9, 6, 7, 4, 3))
9 101010100 175 10101111 ((), (8, 5, 2, 1), (9, 6, 3, 7, 4))
9 101010101 174 10101110 ((), (8, 5, 2), (9, 6, 3, 7, 4, 1))
9 101010110 170 10101010 ((), (8, 5), (9, 6, 3, 2, 7, 4, 1))
9 101010111 169 10101001 ((), (8, 5), (9, 6, 3, 2, 1, 7, 4))
9 101011000 168 10101000 ((), (8, 5, 4), (9, 6, 3, 2, 1, 7))
9 101011001 167 10100111 ((), (8, 5, 4, 1), (9, 6, 3, 2, 7))
9 101011010 171 10101011 ((), (8, 5, 4, 1), (9, 6, 3, 7, 2))
9 101011011 171 10101011 ((), (8, 5, 4), (9, 6, 3, 7, 2, 1))
9 101011100 164 10100100 ((), (8, 5, 4, 3), (9, 6, 7, 2, 1))
9 101011101 163 10100011 ((), (8, 5, 4, 3), (9, 6, 1, 7, 2))
9 101011110 162 10100010 ((), (8, 5, 4, 3, 2), (9, 6, 1, 7))
9 101011111 161 10100001 ((), (8, 5, 4, 3, 2, 1), (9, 6, 7))
9 101100000 255 11111111 ((), (8, 5, 4, 3, 2, 1), (9, 7, 6))
9 101100001 255 11111111 ((), (8, 5, 4, 3, 2), (9, 7, 6, 1))
9 101100010 221 11011101 ((), (8, 5, 4, 3), (9, 2, 7, 6, 1))
9 101100011 207 11001111 ((), (8, 5, 4, 3), (9, 2, 1, 7, 6))
9 101100100 207 11001111 ((), (8, 5, 4), (9, 2, 1, 7, 6, 3))
9 101100101 221 11011101 ((), (8, 5, 4, 1), (9, 2, 7, 6, 3))
9 101100110 255 11111111 ((), (8, 5, 4, 1), (9, 7, 6, 3, 2))
9 101100111 255 11111111 ((), (8, 5, 4), (9, 7, 6, 3, 2, 1))
9 101101000 209 11010001 ((), (8, 5), (9, 4, 7, 6, 3, 2, 1))
9 101101001 198 11000110 ((), (8, 5), (9, 4, 1, 7, 6, 3, 2))
9 101101010 199 11000111 ((), (8, 5, 2), (9, 4, 1, 7, 6, 3))
9 101101011 212 11010100 ((), (8, 5, 2, 1), (9, 4, 7, 6, 3))
9 101101100 207 11001111 ((), (8, 5, 2, 1), (9, 4, 3, 7, 6))
9 101101101 207 11001111 ((), (8, 5, 2), (9, 4, 3, 7, 6, 1))
9 101101110 197 11000101 ((), (8, 5), (9, 4, 3, 2, 7, 6, 1))
9 101101111 195 11000011 ((), (8, 5), (9, 4, 3, 2, 1, 7, 6))
9 101110000 195 11000011 ((), (8,), (9, 4, 3, 2, 1, 7, 6, 5))
9 101110001 197 11000101 ((), (8, 1), (9, 4, 3, 2, 7, 6, 5))
9 101110010 207 11001111 ((), (8, 1), (9, 4, 3, 7, 6, 5, 2))
9 101110011 207 11001111 ((), (8,), (9, 4, 3, 7, 6, 5, 2, 1))
9 101110100 212 11010100 ((), (8, 3), (9, 4, 7, 6, 5, 2, 1))
9 101110101 199 11000111 ((), (8, 3), (9, 4, 1, 7, 6, 5, 2))
9 101110110 198 11000110 ((), (8, 3, 2), (9, 4, 1, 7, 6, 5))
9 101110111 209 11010001 ((), (8, 3, 2, 1), (9, 4, 7, 6, 5))
9 101111000 255 11111111 ((), (8, 3, 2, 1), (9, 7, 6, 5, 4))
9 101111001 255 11111111 ((), (8, 3, 2), (9, 7, 6, 5, 4, 1))
9 101111010 221 11011101 ((), (8, 3), (9, 2, 7, 6, 5, 4, 1))
9 101111011 207 11001111 ((), (8, 3), (9, 2, 1, 7, 6, 5, 4))
9 101111100 207 11001111 ((), (8,), (9, 2, 1, 7, 6, 5, 4, 3))
9 101111101 221 11011101 ((), (8, 1), (9, 2, 7, 6, 5, 4, 3))
9 101111110 255 11111111 ((), (8, 1), (9, 7, 6, 5, 4, 3, 2))
9 101111111 255 11111111 ((), (8,), (9, 7, 6, 5, 4, 3, 2, 1))
9 110000000 0 0 ((), (), (9, 8, 7, 6, 5, 4, 3, 2, 1))
9 110000001 97 1100001 ((), (), (9, 8, 1, 7, 6, 5, 4, 3, 2))
9 110000010 96 1100000 ((), (2,), (9, 8, 1, 7, 6, 5, 4, 3))
9 110000011 3 11 ((), (2, 1), (9, 8, 7, 6, 5, 4, 3))
9 110000100 100 1100100 ((), (2, 1), (9, 8, 3, 7, 6, 5, 4))
9 110000101 101 1100101 ((), (2,), (9, 8, 3, 7, 6, 5, 4, 1))
9 110000110 86 1010110 ((), (), (9, 8, 3, 2, 7, 6, 5, 4, 1))
9 110000111 79 1001111 ((), (), (9, 8, 3, 2, 1, 7, 6, 5, 4))
9 110001000 78 1001110 ((), (4,), (9, 8, 3, 2, 1, 7, 6, 5))
9 110001001 83 1010011 ((), (4, 1), (9, 8, 3, 2, 7, 6, 5))
9 110001010 99 1100011 ((), (4, 1), (9, 8, 3, 7, 6, 5, 2))
9 110001011 99 1100011 ((), (4,), (9, 8, 3, 7, 6, 5, 2, 1))
9 110001100 12 1100 ((), (4, 3), (9, 8, 7, 6, 5, 2, 1))
9 110001101 91 1011011 ((), (4, 3), (9, 8, 1, 7, 6, 5, 2))
9 110001110 90 1011010 ((), (4, 3, 2), (9, 8, 1, 7, 6, 5))
9 110001111 15 1111 ((), (4, 3, 2, 1), (9, 8, 7, 6, 5))
9 110010000 112 1110000 ((), (4, 3, 2, 1), (9, 8, 5, 7, 6))
9 110010001 113 1110001 ((), (4, 3, 2), (9, 8, 5, 7, 6, 1))
9 110010010 104 1101000 ((), (4, 3), (9, 8, 5, 2, 7, 6, 1))
9 110010011 100 1100100 ((), (4, 3), (9, 8, 5, 2, 1, 7, 6))
9 110010100 101 1100101 ((), (4,), (9, 8, 5, 2, 1, 7, 6, 3))
9 110010101 106 1101010 ((), (4, 1), (9, 8, 5, 2, 7, 6, 3))
9 110010110 118 1110110 ((), (4, 1), (9, 8, 5, 7, 6, 3, 2))
9 110010111 119 1110111 ((), (4,), (9, 8, 5, 7, 6, 3, 2, 1))
9 110011000 104 1101000 ((), (), (9, 8, 5, 4, 7, 6, 3, 2, 1))
9 110011001 97 1100001 ((), (), (9, 8, 5, 4, 1, 7, 6, 3, 2))
9 110011010 96 1100000 ((), (2,), (9, 8, 5, 4, 1, 7, 6, 3))
9 110011011 101 1100101 ((), (2, 1), (9, 8, 5, 4, 7, 6, 3))
9 110011100 100 1100100 ((), (2, 1), (9, 8, 5, 4, 3, 7, 6))
9 110011101 101 1100101 ((), (2,), (9, 8, 5, 4, 3, 7, 6, 1))
9 110011110 98 1100010 ((), (), (9, 8, 5, 4, 3, 2, 7, 6, 1))
9 110011111 97 1100001 ((), (), (9, 8, 5, 4, 3, 2, 1, 7, 6))
9 110100000 96 1100000 ((), (6,), (9, 8, 5, 4, 3, 2, 1, 7))
9 110100001 95 1011111 ((), (6, 1), (9, 8, 5, 4, 3, 2, 7))
9 110100010 99 1100011 ((), (6, 1), (9, 8, 5, 4, 3, 7, 2))
9 110100011 99 1100011 ((), (6,), (9, 8, 5, 4, 3, 7, 2, 1))
9 110100100 92 1011100 ((), (6, 3), (9, 8, 5, 4, 7, 2, 1))
9 110100101 91 1011011 ((), (6, 3), (9, 8, 5, 4, 1, 7, 2))
9 110100110 90 1011010 ((), (6, 3, 2), (9, 8, 5, 4, 1, 7))
9 110100111 89 1011001 ((), (6, 3, 2, 1), (9, 8, 5, 4, 7))
9 110101000 111 1101111 ((), (6, 3, 2, 1), (9, 8, 5, 7, 4))
9 110101001 111 1101111 ((), (6, 3, 2), (9, 8, 5, 7, 4, 1))
9 110101010 101 1100101 ((), (6, 3), (9, 8, 5, 2, 7, 4, 1))
9 110101011 99 1100011 ((), (6, 3), (9, 8, 5, 2, 1, 7, 4))
9 110101100 99 1100011 ((), (6,), (9, 8, 5, 2, 1, 7, 4, 3))
9 110101101 101 1100101 ((), (6, 1), (9, 8, 5, 2, 7, 4, 3))
9 110101110 111 1101111 ((), (6, 1), (9, 8, 5, 7, 4, 3, 2))
9 110101111 111 1101111 ((), (6,), (9, 8, 5, 7, 4, 3, 2, 1))
9 110110000 48 110000 ((), (6, 5), (9, 8, 7, 4, 3, 2, 1))
9 110110001 73 1001001 ((), (6, 5), (9, 8, 1, 7, 4, 3, 2))
9 110110010 72 1001000 ((), (6, 5, 2), (9, 8, 1, 7, 4, 3))
9 110110011 51 110011 ((), (6, 5, 2, 1), (9, 8, 7, 4, 3))
9 110110100 79 1001111 ((), (6, 5, 2, 1), (9, 8, 3, 7, 4))
9 110110101 78 1001110 ((), (6, 5, 2), (9, 8, 3, 7, 4, 1))
9 110110110 74 1001010 ((), (6, 5), (9, 8, 3, 2, 7, 4, 1))
9 110110111 73 1001001 ((), (6, 5), (9, 8, 3, 2, 1, 7, 4))
9 110111000 72 1001000 ((), (6, 5, 4), (9, 8, 3, 2, 1, 7))
9 110111001 71 1000111 ((), (6, 5, 4, 1), (9, 8, 3, 2, 7))
9 110111010 75 1001011 ((), (6, 5, 4, 1), (9, 8, 3, 7, 2))
9 110111011 75 1001011 ((), (6, 5, 4), (9, 8, 3, 7, 2, 1))
9 110111100 60 111100 ((), (6, 5, 4, 3), (9, 8, 7, 2, 1))
9 110111101 67 1000011 ((), (6, 5, 4, 3), (9, 8, 1, 7, 2))
9 110111110 66 1000010 ((), (6, 5, 4, 3, 2), (9, 8, 1, 7))
9 110111111 63 111111 ((), (6, 5, 4, 3, 2, 1), (9, 8, 7))
9 111000000 63 111111 ((), (6, 5, 4, 3, 2, 1), (9, 8, 7))
9 111000001 63 111111 ((), (6, 5, 4, 3, 2), (9, 8, 7, 1))
9 111000010 60 111100 ((), (6, 5, 4, 3), (9, 8, 7, 2, 1))
9 111000011 60 111100 ((), (6, 5, 4, 3), (9, 8, 7, 2, 1))
9 111000100 60 111100 ((), (6, 5, 4), (9, 8, 7, 2, 1, 3))
9 111000101 59 111011 ((), (6, 5, 4, 1), (9, 8, 7, 2, 3))
9 111000110 63 111111 ((), (6, 5, 4, 1), (9, 8, 7, 3, 2))
9 111000111 63 111111 ((), (6, 5, 4), (9, 8, 7, 3, 2, 1))
9 111001000 48 110000 ((), (6, 5), (9, 8, 7, 4, 3, 2, 1))
9 111001001 45 101101 ((), (6, 5), (9, 8, 7, 4, 1, 3, 2))
9 111001010 46 101110 ((), (6, 5, 2), (9, 8, 7, 4, 1, 3))
9 111001011 51 110011 ((), (6, 5, 2, 1), (9, 8, 7, 4, 3))
9 111001100 51 110011 ((), (6, 5, 2, 1), (9, 8, 7, 4, 3))
9 111001101 51 110011 ((), (6, 5, 2), (9, 8, 7, 4, 3, 1))
9 111001110 48 110000 ((), (6, 5), (9, 8, 7, 4, 3, 2, 1))
9 111001111 48 110000 ((), (6, 5), (9, 8, 7, 4, 3, 2, 1))
9 111010000 48 110000 ((), (6,), (9, 8, 7, 4, 3, 2, 1, 5))
9 111010001 47 101111 ((), (6, 1), (9, 8, 7, 4, 3, 2, 5))
9 111010010 51 110011 ((), (6, 1), (9, 8, 7, 4, 3, 5, 2))
9 111010011 51 110011 ((), (6,), (9, 8, 7, 4, 3, 5, 2, 1))
9 111010100 44 101100 ((), (6, 3), (9, 8, 7, 4, 5, 2, 1))
9 111010101 43 101011 ((), (6, 3), (9, 8, 7, 4, 1, 5, 2))
9 111010110 42 101010 ((), (6, 3, 2), (9, 8, 7, 4, 1, 5))
9 111010111 41 101001 ((), (6, 3, 2, 1), (9, 8, 7, 4, 5))
9 111011000 63 111111 ((), (6, 3, 2, 1), (9, 8, 7, 5, 4))
9 111011001 63 111111 ((), (6, 3, 2), (9, 8, 7, 5, 4, 1))
9 111011010 53 110101 ((), (6, 3), (9, 8, 7, 2, 5, 4, 1))
9 111011011 51 110011 ((), (6, 3), (9, 8, 7, 2, 1, 5, 4))
9 111011100 51 110011 ((), (6,), (9, 8, 7, 2, 1, 5, 4, 3))
9 111011101 53 110101 ((), (6, 1), (9, 8, 7, 2, 5, 4, 3))
9 111011110 63 111111 ((), (6, 1), (9, 8, 7, 5, 4, 3, 2))
9 111011111 63 111111 ((), (6,), (9, 8, 7, 5, 4, 3, 2, 1))
9 111100000 0 0 ((), (), (9, 8, 7, 6, 5, 4, 3, 2, 1))
9 111100001 25 11001 ((), (), (9, 8, 7, 6, 1, 5, 4, 3, 2))
9 111100010 24 11000 ((), (2,), (9, 8, 7, 6, 1, 5, 4, 3))
9 111100011 3 11 ((), (2, 1), (9, 8, 7, 6, 5, 4, 3))
9 111100100 28 11100 ((), (2, 1), (9, 8, 7, 6, 3, 5, 4))
9 111100101 29 11101 ((), (2,), (9, 8, 7, 6, 3, 5, 4, 1))
9 111100110 26 11010 ((), (), (9, 8, 7, 6, 3, 2, 5, 4, 1))
9 111100111 25 11001 ((), (), (9, 8, 7, 6, 3, 2, 1, 5, 4))
9 111101000 24 11000 ((), (4,), (9, 8, 7, 6, 3, 2, 1, 5))
9 111101001 23 10111 ((), (4, 1), (9, 8, 7, 6, 3, 2, 5))
9 111101010 27 11011 ((), (4, 1), (9, 8, 7, 6, 3, 5, 2))
9 111101011 27 11011 ((), (4,), (9, 8, 7, 6, 3, 5, 2, 1))
9 111101100 12 1100 ((), (4, 3), (9, 8, 7, 6, 5, 2, 1))
9 111101101 19 10011 ((), (4, 3), (9, 8, 7, 6, 1, 5, 2))
9 111101110 18 10010 ((), (4, 3, 2), (9, 8, 7, 6, 1, 5))
9 111101111 15 1111 ((), (4, 3, 2, 1), (9, 8, 7, 6, 5))
9 111110000 15 1111 ((), (4, 3, 2, 1), (9, 8, 7, 6, 5))
9 111110001 15 1111 ((), (4, 3, 2), (9, 8, 7, 6, 5, 1))
9 111110010 12 1100 ((), (4, 3), (9, 8, 7, 6, 5, 2, 1))
9 111110011 12 1100 ((), (4, 3), (9, 8, 7, 6, 5, 2, 1))
9 111110100 12 1100 ((), (4,), (9, 8, 7, 6, 5, 2, 1, 3))
9 111110101 11 1011 ((), (4, 1), (9, 8, 7, 6, 5, 2, 3))
9 111110110 15 1111 ((), (4, 1), (9, 8, 7, 6, 5, 3, 2))
9 111110111 15 1111 ((), (4,), (9, 8, 7, 6, 5, 3, 2, 1))
9 111111000 0 0 ((), (), (9, 8, 7, 6, 5, 4, 3, 2, 1))
9 111111001 7 111 ((), (), (9, 8, 7, 6, 5, 4, 1, 3, 2))
9 111111010 6 110 ((), (2,), (9, 8, 7, 6, 5, 4, 1, 3))
9 111111011 3 11 ((), (2, 1), (9, 8, 7, 6, 5, 4, 3))
9 111111100 3 11 ((), (2, 1), (9, 8, 7, 6, 5, 4, 3))
9 111111101 3 11 ((), (2,), (9, 8, 7, 6, 5, 4, 3, 1))
9 111111110 0 0 ((), (), (9, 8, 7, 6, 5, 4, 3, 2, 1))
9 111111111 0 0 ((), (), (9, 8, 7, 6, 5, 4, 3, 2, 1))
